8
1
2
0 8 2 10 0 -1
1 8 1 10 0 2
haar_x2
7.863132e-003 0 -1
-4.595664e-001 6.863080e-001 
1
2
10 1 5 6 0 -1
10 3 5 2 0 3
haar_y3
2.057339e-002 0 -1
-3.513361e-001 6.660343e-001 
1
2
7 10 10 9 0 -1
12 10 5 9 0 2
haar_x2
3.039070e-002 0 -1
-8.984607e-001 2.838652e-001 
1
2
11 19 2 3 0 -1
11 20 2 1 0 3
haar_y3
4.737427e-003 0 -1
-3.711963e-001 7.204789e-001 
1
2
8 6 5 16 0 -1
8 14 5 8 0 2
haar_y2
-1.018692e-003 0 -1
2.907831e-001 -9.085945e-001 
1
3
6 3 14 12 0 -1
13 3 7 6 0 2
6 9 7 6 0 2
haar_x2_y2
-1.078961e-001 0 -1
3.036475e-001 -3.346726e-001 
1
2
4 8 2 2 0 -1
5 8 1 2 0 2
haar_x2
7.506992e-005 0 -1
3.300543e-001 -5.485487e-001 
1
2
17 5 1 2 0 -1
17 6 1 1 0 2
haar_y2
-1.481413e-004 0 -1
-6.370885e-001 1.996894e-001 
-1.472990e+000

4
-1
