9
1
2
5 7 2 1 0 -1
6 7 1 1 0 2
haar_x2
5.724315e-005 0 -1
3.498128e-001 -7.688053e-001 
1
2
22 9 2 6 0 -1
22 9 1 6 0 2
haar_x2
6.087021e-003 0 -1
-4.727547e-001 7.380667e-001 
1
2
10 8 2 12 0 -1
10 14 2 6 0 2
haar_y2
3.619199e-003 0 -1
2.294827e-001 -8.955808e-001 
1
2
15 7 2 1 0 -1
15 7 1 1 0 2
haar_x2
-9.477865e-005 0 -1
-1.385409e-001 6.942087e-002 
1
2
7 7 2 1 0 -1
8 7 1 1 0 2
haar_x2
1.089640e-004 0 -1
2.069496e-001 -8.393816e-001 
1
2
13 20 6 3 0 -1
13 21 6 1 0 3
haar_y3
5.842756e-003 0 -1
-1.798706e-001 3.245013e-001 
1
3
7 20 8 2 0 -1
7 20 4 1 0 2
11 21 4 1 0 2
haar_x2_y2
-8.419743e-003 0 -1
7.361339e-001 -2.410490e-001 
1
2
14 11 6 8 0 -1
16 11 2 8 0 3
haar_x3
-1.243549e-002 0 -1
-9.075147e-001 1.394459e-001 
1
2
4 11 6 7 0 -1
6 11 2 7 0 3
haar_x3
-3.964472e-003 0 -1
1.954882e-001 -6.913764e-001 
-1.029654e+000

8
-1
