6
1
2
0 5 15 3 0 -1
5 5 5 3 0 3
haar_x3
3.267162e-002 0 -1
-7.994678e-001 7.355377e-001 
1
2
12 11 9 6 0 -1
15 11 3 6 0 3
haar_x3
1.977923e-005 0 -1
-4.645204e-001 1.455020e-001 
1
2
3 12 9 6 0 -1
6 12 3 6 0 3
haar_x3
-2.175912e-002 0 -1
6.588677e-001 -8.389611e-001 
1
2
1 0 22 21 0 -1
1 7 22 7 0 3
haar_y3
2.227086e-001 0 -1
-6.468692e-001 6.738374e-001 
1
2
5 3 4 9 0 -1
5 6 4 3 0 3
haar_y3
7.991181e-003 0 -1
-8.506824e-001 4.657410e-001 
1
2
8 18 8 6 0 -1
8 20 8 2 0 3
haar_y3
1.365888e-002 0 -1
-8.485012e-001 5.874832e-001 
-1.515189e+000

1
-1
