11
1
2
5 7 2 2 0 -1
6 7 1 2 0 2
haar_x2
8.107024e-005 0 -1
3.233291e-001 -7.555845e-001 
1
2
10 20 4 2 0 -1
10 21 4 1 0 2
haar_y2
-4.410737e-003 0 -1
5.997124e-001 -3.790447e-001 
1
2
8 10 8 9 0 -1
8 13 8 3 0 3
haar_y3
1.562149e-004 0 -1
-8.250740e-001 2.626615e-001 
1
2
12 10 9 9 0 -1
15 10 3 9 0 3
haar_x3
3.826055e-002 0 -1
5.148782e-002 -4.854278e-001 
1
2
2 11 9 8 0 -1
5 11 3 8 0 3
haar_x3
-2.703103e-002 0 -1
4.083273e-001 -4.353788e-001 
1
2
7 6 12 6 0 -1
7 8 12 2 0 3
haar_y3
4.425717e-003 0 -1
-3.340545e-001 3.742401e-001 
1
2
5 7 2 1 0 -1
6 7 1 1 0 2
haar_x2
-1.332020e-004 0 -1
-7.186630e-001 2.036314e-001 
1
2
11 1 3 4 0 -1
11 3 3 2 0 2
haar_y2
8.089829e-003 0 -1
-3.831521e-001 3.517065e-001 
1
3
9 17 6 2 0 -1
9 17 3 1 0 2
12 18 3 1 0 2
haar_x2_y2
-1.430546e-003 0 -1
3.710409e-001 -4.035219e-001 
1
2
9 7 15 1 0 -1
14 7 5 1 0 3
haar_x3
1.312732e-002 0 -1
-1.559503e-001 4.728440e-001 
1
2
8 3 8 6 0 -1
12 3 4 6 0 2
haar_x2
-2.389951e-002 0 -1
4.311735e-001 -4.259226e-001 
-1.426562e+000

7
-1
