11
1
2
0 6 2 14 0 -1
1 6 1 14 0 2
haar_x2
8.100135e-003 0 -1
-4.916482e-001 5.659841e-001 
1
2
8 7 12 1 0 -1
8 7 6 1 0 2
haar_x2
-3.832519e-003 0 -1
2.192670e-001 -1.144392e-001 
1
2
4 7 12 1 0 -1
10 7 6 1 0 2
haar_x2
-5.056789e-003 0 -1
3.358445e-001 -6.822397e-001 
1
2
9 1 6 4 0 -1
9 3 6 2 0 2
haar_y2
1.734459e-002 0 -1
-4.170666e-001 4.971738e-001 
1
2
6 8 6 5 0 -1
8 8 2 5 0 3
haar_x3
-6.815311e-005 0 -1
2.635280e-001 -6.982124e-001 
1
2
11 19 2 3 0 -1
11 20 2 1 0 3
haar_y3
5.634769e-003 0 -1
-3.002973e-001 6.521212e-001 
1
2
6 13 8 3 0 -1
10 13 4 3 0 2
haar_x2
1.330164e-002 0 -1
-6.189654e-001 2.952608e-001 
1
2
12 5 6 16 0 -1
12 13 6 8 0 2
haar_y2
7.858749e-002 0 -1
2.658873e-002 -8.617018e-001 
1
2
2 4 12 5 0 -1
6 4 4 5 0 3
haar_x3
3.523306e-002 0 -1
-4.862715e-001 3.356236e-001 
1
2
6 11 12 5 0 -1
10 11 4 5 0 3
haar_x3
4.629219e-002 0 -1
1.450648e-001 -9.185932e-001 
1
2
5 9 11 9 0 -1
5 12 11 3 0 3
haar_y3
3.928552e-002 0 -1
1.278135e-001 -9.319395e-001 
-1.503913e+000

6
-1
