10
1
2
2 5 12 1 0 -1
6 5 4 1 0 3
haar_x3
5.553945e-003 0 -1
-7.492511e-001 3.440732e-001 
1
2
3 20 18 4 0 -1
3 22 18 2 0 2
haar_y2
-1.540236e-002 0 -1
3.791836e-001 -6.171516e-001 
1
2
5 8 6 12 0 -1
7 8 2 12 0 3
haar_x3
-7.088131e-003 0 -1
2.963399e-001 -7.712687e-001 
1
2
9 9 6 9 0 -1
9 12 6 3 0 3
haar_y3
5.407996e-003 0 -1
-7.617300e-001 2.355734e-001 
1
2
6 5 2 2 0 -1
6 6 2 1 0 2
haar_y2
-8.398449e-005 0 -1
-9.008425e-001 1.735067e-001 
1
3
10 17 6 2 0 -1
13 17 3 1 0 2
10 18 3 1 0 2
haar_x2_y2
4.678010e-004 0 -1
-2.894835e-001 2.238720e-001 
1
2
8 1 7 6 0 -1
8 3 7 2 0 3
haar_y3
1.757629e-002 0 -1
-3.971506e-001 4.838524e-001 
1
3
11 17 4 2 0 -1
13 17 2 1 0 2
11 18 2 1 0 2
haar_x2_y2
-5.302711e-004 0 -1
2.182967e-001 -1.699184e-001 
1
2
0 6 22 10 0 -1
11 6 11 10 0 2
haar_x2
1.112807e-002 0 -1
-7.696829e-001 2.290855e-001 
1
2
9 7 8 1 0 -1
9 7 4 1 0 2
haar_x2
3.910325e-003 0 -1
-2.635001e-001 3.340417e-001 
-1.468940e+000

5
-1
