9
1
2
0 9 6 3 0 -1
2 9 2 3 0 3
haar_x3
7.406775e-003 0 -1
-5.995150e-001 6.422876e-001 
1
2
10 5 12 1 0 -1
14 5 4 1 0 3
haar_x3
1.548299e-002 0 -1
-9.908625e-002 7.163297e-001 
1
3
5 5 12 12 0 -1
5 5 6 6 0 2
11 11 6 6 0 2
haar_x2_y2
7.656720e-002 0 -1
-6.854924e-001 5.886040e-001 
1
3
14 3 6 8 0 -1
17 3 3 4 0 2
14 7 3 4 0 2
haar_x2_y2
-1.299308e-002 0 -1
4.613419e-001 -1.791857e-001 
1
3
4 3 6 8 0 -1
4 3 3 4 0 2
7 7 3 4 0 2
haar_x2_y2
-2.511643e-003 0 -1
3.825370e-001 -6.574898e-001 
1
2
9 14 7 6 0 -1
9 17 7 3 0 2
haar_y2
-8.933055e-003 0 -1
3.401376e-001 -6.210034e-001 
1
2
5 0 14 4 0 -1
5 2 14 2 0 2
haar_y2
2.267618e-002 0 -1
-4.792426e-001 5.206171e-001 
1
2
3 5 18 6 0 -1
9 5 6 6 0 3
haar_x3
-8.175895e-002 0 -1
6.507300e-001 -3.193791e-001 
1
2
0 6 8 9 0 -1
4 6 4 9 0 2
haar_x2
5.984295e-002 0 -1
-2.332784e-001 7.800645e-001 
-1.629467e+000

3
-1
