12
1
2
7 12 8 5 0 -1
11 12 4 5 0 2
haar_x2
1.246099e-002 0 -1
-9.727267e-001 6.786443e-001 
1
2
16 0 4 8 0 -1
16 4 4 4 0 2
haar_y2
5.423901e-005 0 -1
-9.371479e-001 3.587106e-001 
1
2
0 6 15 2 0 -1
5 6 5 2 0 3
haar_x3
1.744664e-002 0 -1
-9.710187e-001 4.336344e-001 
1
2
9 9 6 9 0 -1
9 12 6 3 0 3
haar_y3
5.492457e-004 0 -1
-9.905280e-001 3.228289e-001 
1
2
4 5 3 12 0 -1
4 9 3 4 0 3
haar_y3
1.976111e-002 0 -1
-9.892225e-001 2.795096e-001 
1
2
2 7 22 10 0 -1
2 7 11 10 0 2
haar_x2
-2.288802e-003 0 -1
6.824576e-001 -9.837466e-001 
1
2
5 0 2 8 0 -1
5 4 2 4 0 2
haar_y2
8.050294e-005 0 -1
-9.695027e-001 5.743455e-001 
1
2
17 11 6 4 0 -1
19 11 2 4 0 3
haar_x3
-1.301849e-004 0 -1
1.220066e-002 -9.613537e-001 
1
2
5 5 10 14 0 -1
5 12 10 7 0 2
haar_y2
-2.852158e-003 0 -1
7.331100e-001 -9.940158e-001 
1
2
12 5 9 6 0 -1
12 7 9 2 0 3
haar_y3
-2.200261e-005 0 -1
1.980678e-001 -7.004614e-001 
1
2
7 20 10 4 0 -1
7 22 10 2 0 2
haar_y2
-1.320797e-002 0 -1
7.822257e-001 -6.671964e-001 
1
2
13 6 6 14 0 -1
15 6 2 14 0 3
haar_x3
-4.671630e-003 0 -1
3.991555e-001 -2.432888e-001 
-1.719112e+000

2
-1
