0001_0164_0071_0329_0329.jpg 1 164 71 329 329
0002_0129_0125_0202_0202.jpg 1 129 125 202 202
0003_0447_0327_0083_0083.jpg 1 447 327 83 83
0004_0398_0234_0061_0061.jpg 1 398 234 61 61
0005_0154_0058_0324_0324.jpg 1 154 58 324 324
0006_0495_0213_0036_0036.jpg 1 495 213 36 36
0007_0454_0224_0086_0086.jpg 1 454 224 86 86
0008_0339_0132_0075_0075.jpg 1 339 132 75 75
0009_0113_0215_0145_0145.jpg 1 113 215 145 145
0010_0353_0266_0153_0153.jpg 1 353 266 153 153
0011_0327_0308_0132_0132.jpg 1 327 308 132 132
0012_0245_0099_0194_0194.jpg 1 245 99 194 194
0013_0277_0061_0300_0300.jpg 1 277 61 300 300
0014_0099_0041_0221_0221.jpg 1 99 41 221 221
0015_0354_0256_0114_0114.jpg 1 354 256 114 114
0016_0233_0179_0146_0146.jpg 1 233 179 146 146
0017_0277_0301_0119_0119.jpg 1 277 301 119 119
0018_0369_0178_0079_0079.jpg 1 369 178 79 79
0019_0381_0187_0180_0180.jpg 1 381 187 180 180
0020_0295_0126_0175_0175.jpg 1 295 126 175 175
0021_0347_0096_0198_0198.jpg 1 347 96 198 198
0022_0229_0237_0171_0171.jpg 1 229 237 171 171
0023_0240_0030_0205_0205.jpg 1 240 30 205 205
0024_0108_0096_0028_0028.jpg 1 108 96 28 28
0025_0239_0153_0196_0196.jpg 1 239 153 196 196
0026_0206_0028_0297_0297.jpg 1 206 28 297 297
0027_0052_0077_0128_0128.jpg 1 52 77 128 128
0028_0338_0225_0095_0095.jpg 1 338 225 95 95
0029_0129_0210_0248_0248.jpg 1 129 210 248 248
0030_0254_0180_0187_0187.jpg 1 254 180 187 187
0031_0336_0153_0132_0132.jpg 1 336 153 132 132
0032_0084_0109_0209_0209.jpg 1 84 109 209 209
0033_0435_0163_0049_0049.jpg 1 435 163 49 49
0034_0190_0104_0318_0318.jpg 1 190 104 318 318
0035_0161_0238_0115_0115.jpg 1 161 238 115 115
0036_0122_0134_0202_0202.jpg 1 122 134 202 202
0037_0295_0246_0133_0133.jpg 1 295 246 133 133
0038_0125_0141_0262_0262.jpg 1 125 141 262 262
0039_0049_0168_0235_0235.jpg 1 49 168 235 235
0040_0084_0197_0204_0204.jpg 1 84 197 204 204
0041_0163_0102_0335_0335.jpg 1 163 102 335 335
0042_0351_0096_0128_0128.jpg 1 351 96 128 128
0043_0402_0235_0100_0100.jpg 1 402 235 100 100
0044_0478_0055_0097_0097.jpg 1 478 55 97 97
0045_0218_0023_0269_0269.jpg 1 218 23 269 269
0046_0177_0065_0222_0222.jpg 1 177 65 222 222
0047_0148_0127_0255_0255.jpg 1 148 127 255 255
0048_0395_0044_0186_0186.jpg 1 395 44 186 186
0049_0116_0070_0250_0250.jpg 1 116 70 250 250
0050_0375_0195_0120_0120.jpg 1 375 195 120 120
0051_0123_0278_0119_0119.jpg 1 123 278 119 119
0052_0097_0060_0301_0301.jpg 1 97 60 301 301
0053_0217_0104_0310_0310.jpg 1 217 104 310 310
0054_0170_0183_0064_0064.jpg 1 170 183 64 64
0055_0188_0321_0069_0069.jpg 1 188 321 69 69
0056_0095_0141_0320_0320.jpg 1 95 141 320 320
0057_0366_0296_0107_0107.jpg 1 366 296 107 107
0058_0070_0020_0277_0277.jpg 1 70 20 277 277
0059_0182_0177_0263_0263.jpg 1 182 177 263 263
0060_0028_0052_0286_0286.jpg 1 28 52 286 286
0061_0197_0100_0188_0188.jpg 1 197 100 188 188
0062_0297_0106_0167_0167.jpg 1 297 106 167 167
0063_0329_0066_0161_0161.jpg 1 329 66 161 161
0064_0276_0098_0285_0285.jpg 1 276 98 285 285
0065_0232_0298_0217_0217.jpg 1 232 298 217 217
0066_0289_0122_0175_0175.jpg 1 289 122 175 175
0067_0182_0312_0071_0071.jpg 1 182 312 71 71
0068_0206_0257_0124_0124.jpg 1 206 257 124 124
0069_0143_0053_0262_0262.jpg 1 143 53 262 262
0070_0219_0044_0151_0151.jpg 1 219 44 151 151
0071_0054_0081_0253_0253.jpg 1 54 81 253 253
0072_0231_0188_0244_0244.jpg 1 231 188 244 244
0073_0276_0325_0116_0116.jpg 1 276 325 116 116
0074_0432_0256_0117_0117.jpg 1 432 256 117 117
0075_0430_0203_0151_0151.jpg 1 430 203 151 151
0076_0129_0214_0147_0147.jpg 1 129 214 147 147
0077_0143_0070_0252_0252.jpg 1 143 70 252 252
0078_0245_0253_0109_0109.jpg 1 245 253 109 109
0079_0352_0109_0163_0163.jpg 1 352 109 163 163
0080_0102_0062_0139_0139.jpg 1 102 62 139 139
0081_0174_0065_0328_0328.jpg 1 174 65 328 328
0082_0106_0150_0283_0283.jpg 1 106 150 283 283
0083_0334_0123_0087_0087.jpg 1 334 123 87 87
0084_0040_0301_0184_0184.jpg 1 40 301 184 184
0085_0215_0291_0084_0084.jpg 1 215 291 84 84
0086_0416_0150_0159_0159.jpg 1 416 150 159 159
0087_0111_0312_0077_0077.jpg 1 111 312 77 77
0088_0371_0107_0109_0109.jpg 1 371 107 109 109
0089_0286_0223_0113_0113.jpg 1 286 223 113 113
0090_0158_0331_0063_0063.jpg 1 158 331 63 63
0091_0118_0266_0138_0138.jpg 1 118 266 138 138
0092_0096_0359_0238_0238.jpg 1 96 359 238 238
0093_0286_0374_0158_0158.jpg 1 286 374 158 158
0094_0388_0061_0196_0196.jpg 1 388 61 196 196
0095_0177_0199_0234_0234.jpg 1 177 199 234 234
0096_0163_0095_0176_0176.jpg 1 163 95 176 176
0097_0120_0088_0244_0244.jpg 1 120 88 244 244
0098_0055_0142_0096_0096.jpg 1 55 142 96 96
0099_0293_0270_0164_0164.jpg 1 293 270 164 164
0100_0158_0052_0104_0104.jpg 1 158 52 104 104
0101_0202_0489_0083_0083.jpg 1 202 489 83 83
0102_0362_0277_0150_0150.jpg 1 362 277 150 150
0103_0431_0303_0031_0031.jpg 1 431 303 31 31
0104_0195_0437_0120_0120.jpg 1 195 437 120 120
0105_0241_0252_0206_0206.jpg 1 241 252 206 206
0106_0041_0104_0126_0126.jpg 1 41 104 126 126
0107_0099_0259_0149_0149.jpg 1 99 259 149 149
0108_0075_0169_0129_0129.jpg 1 75 169 129 129
0109_0236_0028_0265_0265.jpg 1 236 28 265 265
0110_0239_0142_0125_0125.jpg 1 239 142 125 125
0111_0198_0039_0279_0279.jpg 1 198 39 279 279
0112_0073_0057_0174_0174.jpg 1 73 57 174 174
0113_0270_0069_0119_0119.jpg 1 270 69 119 119
0114_0288_0131_0173_0173.jpg 1 288 131 173 173
0115_0198_0263_0144_0144.jpg 1 198 263 144 144
0116_0157_0080_0286_0286.jpg 1 157 80 286 286
0117_0459_0080_0108_0108.jpg 1 459 80 108 108
0118_0359_0152_0108_0108.jpg 1 359 152 108 108
0119_0067_0191_0204_0204.jpg 1 67 191 204 204
0120_0099_0118_0046_0046.jpg 1 99 118 46 46
0121_0375_0219_0196_0196.jpg 1 375 219 196 196
0122_0076_0087_0034_0034.jpg 1 76 87 34 34
0123_0067_0153_0246_0246.jpg 1 67 153 246 246
0124_0134_0172_0072_0072.jpg 1 134 172 72 72
0125_0221_0118_0299_0299.jpg 1 221 118 299 299
0126_0126_0052_0193_0193.jpg 1 126 52 193 193
0127_0080_0212_0095_0095.jpg 1 80 212 95 95
0128_0127_0076_0313_0313.jpg 1 127 76 313 313
0129_0345_0122_0249_0249.jpg 1 345 122 249 249
0130_0071_0036_0220_0220.jpg 1 71 36 220 220
0131_0300_0150_0301_0301.jpg 1 300 150 301 301
0132_0209_0100_0161_0161.jpg 1 209 100 161 161
0133_0265_0181_0146_0146.jpg 1 265 181 146 146
0134_0114_0338_0053_0053.jpg 1 114 338 53 53
0135_0151_0036_0249_0249.jpg 1 151 36 249 249
0136_0173_0052_0273_0273.jpg 1 173 52 273 273
0137_0379_0118_0163_0163.jpg 1 379 118 163 163
0138_0197_0113_0284_0284.jpg 1 197 113 284 284
0139_0118_0080_0278_0278.jpg 1 118 80 278 278
0140_0237_0104_0189_0189.jpg 1 237 104 189 189
0141_0166_0160_0259_0259.jpg 1 166 160 259 259
0142_0378_0119_0173_0173.jpg 1 378 119 173 173
0143_0117_0328_0271_0271.jpg 1 117 328 271 271
0144_0497_0194_0045_0045.jpg 1 497 194 45 45
0145_0166_0228_0099_0099.jpg 1 166 228 99 99
0146_0108_0089_0148_0148.jpg 1 108 89 148 148
0147_0234_0284_0050_0050.jpg 1 234 284 50 50
0148_0089_0250_0178_0178.jpg 1 89 250 178 178
0149_0063_0072_0274_0274.jpg 1 63 72 274 274
0150_0400_0242_0159_0159.jpg 1 400 242 159 159
0151_0190_0035_0277_0277.jpg 1 190 35 277 277
0152_0421_0083_0051_0051.jpg 1 421 83 51 51
0153_0310_0052_0115_0115.jpg 1 310 52 115 115
0154_0184_0441_0073_0073.jpg 1 184 441 73 73
0155_0074_0214_0153_0153.jpg 1 74 214 153 153
0156_0205_0138_0271_0271.jpg 1 205 138 271 271
0157_0330_0175_0058_0058.jpg 1 330 175 58 58
0158_0469_0113_0046_0046.jpg 1 469 113 46 46
0159_0054_0101_0275_0275.jpg 1 54 101 275 275
0160_0207_0169_0082_0082.jpg 1 207 169 82 82
0161_0101_0155_0132_0132.jpg 1 101 155 132 132
0162_0086_0180_0187_0187.jpg 1 86 180 187 187
0163_0409_0335_0093_0093.jpg 1 409 335 93 93
0164_0072_0330_0047_0047.jpg 1 72 330 47 47
0165_0176_0063_0313_0313.jpg 1 176 63 313 313
0166_0170_0124_0247_0247.jpg 1 170 124 247 247
0167_0204_0100_0195_0195.jpg 1 204 100 195 195
0168_0428_0284_0104_0104.jpg 1 428 284 104 104
0169_0149_0110_0258_0258.jpg 1 149 110 258 258
0170_0315_0042_0224_0224.jpg 1 315 42 224 224
0171_0439_0220_0111_0111.jpg 1 439 220 111 111
0172_0242_0210_0210_0210.jpg 1 242 210 210 210
0173_0345_0155_0114_0114.jpg 1 345 155 114 114
0174_0298_0052_0126_0126.jpg 1 298 52 126 126
0175_0086_0121_0287_0287.jpg 1 86 121 287 287
0176_0113_0112_0332_0332.jpg 1 113 112 332 332
0177_0048_0295_0210_0210.jpg 1 48 295 210 210
0178_0125_0224_0068_0068.jpg 1 125 224 68 68
0179_0132_0343_0196_0196.jpg 1 132 343 196 196
0180_0297_0384_0106_0106.jpg 1 297 384 106 106
0181_0257_0130_0096_0096.jpg 1 257 130 96 96
0182_0069_0219_0215_0215.jpg 1 69 219 215 215
0183_0066_0096_0291_0291.jpg 1 66 96 291 291
0184_0087_0055_0251_0251.jpg 1 87 55 251 251
0185_0461_0105_0026_0026.jpg 1 461 105 26 26
0186_0086_0218_0187_0187.jpg 1 86 218 187 187
0187_0156_0143_0060_0060.jpg 1 156 143 60 60
0188_0141_0243_0117_0117.jpg 1 141 243 117 117
0189_0242_0223_0061_0061.jpg 1 242 223 61 61
0190_0163_0046_0237_0237.jpg 1 163 46 237 237
0191_0127_0047_0224_0224.jpg 1 127 47 224 224
0192_0226_0087_0323_0323.jpg 1 226 87 323 323
0193_0350_0240_0187_0187.jpg 1 350 240 187 187
0194_0061_0471_0077_0077.jpg 1 61 471 77 77
0195_0303_0192_0090_0090.jpg 1 303 192 90 90
0196_0303_0150_0189_0189.jpg 1 303 150 189 189
0197_0189_0324_0060_0060.jpg 1 189 324 60 60
0198_0434_0243_0154_0154.jpg 1 434 243 154 154
0199_0051_0050_0258_0258.jpg 1 51 50 258 258
0200_0180_0265_0150_0150.jpg 1 180 265 150 150
0201_0301_0206_0223_0223.jpg 1 301 206 223 223
0202_0237_0035_0332_0332.jpg 1 237 35 332 332
0203_0412_0120_0163_0163.jpg 1 412 120 163 163
0204_0272_0051_0124_0124.jpg 1 272 51 124 124
0205_0291_0049_0267_0267.jpg 1 291 49 267 267
0206_0085_0074_0142_0142.jpg 1 85 74 142 142
0207_0056_0097_0328_0328.jpg 1 56 97 328 328
0208_0041_0192_0261_0261.jpg 1 41 192 261 261
0209_0160_0336_0169_0169.jpg 1 160 336 169 169
0210_0184_0089_0232_0232.jpg 1 184 89 232 232
0211_0512_0058_0049_0049.jpg 1 512 58 49 49
0212_0120_0082_0054_0054.jpg 1 120 82 54 54
0213_0089_0274_0265_0265.jpg 1 89 274 265 265
0214_0170_0208_0153_0153.jpg 1 170 208 153 153
0215_0236_0151_0093_0093.jpg 1 236 151 93 93
0216_0187_0079_0038_0038.jpg 1 187 79 38 38
0217_0396_0253_0176_0176.jpg 1 396 253 176 176
0218_0218_0117_0201_0201.jpg 1 218 117 201 201
0219_0411_0242_0175_0175.jpg 1 411 242 175 175
0220_0143_0181_0190_0190.jpg 1 143 181 190 190
0221_0201_0167_0242_0242.jpg 1 201 167 242 242
0222_0142_0074_0284_0284.jpg 1 142 74 284 284
0223_0283_0181_0184_0184.jpg 1 283 181 184 184
0224_0325_0086_0208_0208.jpg 1 325 86 208 208
0225_0076_0241_0175_0175.jpg 1 76 241 175 175
0226_0363_0136_0095_0095.jpg 1 363 136 95 95
0227_0229_0078_0233_0233.jpg 1 229 78 233 233
0228_0326_0190_0126_0126.jpg 1 326 190 126 126
0229_0138_0223_0047_0047.jpg 1 138 223 47 47
0230_0240_0234_0104_0104.jpg 1 240 234 104 104
0231_0321_0077_0056_0056.jpg 1 321 77 56 56
0232_0191_0095_0221_0221.jpg 1 191 95 221 221
0233_0249_0222_0193_0193.jpg 1 249 222 193 193
0234_0212_0054_0182_0182.jpg 1 212 54 182 182
0235_0269_0054_0025_0025.jpg 1 269 54 25 25
0236_0274_0171_0221_0221.jpg 1 274 171 221 221
0237_0238_0242_0152_0152.jpg 1 238 242 152 152
0238_0494_0389_0034_0034.jpg 1 494 389 34 34
0239_0192_0085_0249_0249.jpg 1 192 85 249 249
0240_0284_0124_0199_0199.jpg 1 284 124 199 199
0241_0122_0219_0091_0091.jpg 1 122 219 91 91
0242_0253_0245_0130_0130.jpg 1 253 245 130 130
0243_0240_0069_0333_0333.jpg 1 240 69 333 333
0244_0419_0311_0053_0053.jpg 1 419 311 53 53
0245_0070_0154_0159_0159.jpg 1 70 154 159 159
0246_0066_0280_0131_0131.jpg 1 66 280 131 131
0247_0031_0283_0321_0321.jpg 1 31 283 321 321
0248_0117_0341_0260_0260.jpg 1 117 341 260 260
0249_0164_0145_0274_0274.jpg 1 164 145 274 274
0250_0312_0380_0065_0065.jpg 1 312 380 65 65
0251_0071_0470_0093_0093.jpg 1 71 470 93 93
0252_0139_0103_0183_0183.jpg 1 139 103 183 183
0253_0275_0306_0158_0158.jpg 1 275 306 158 158
0254_0172_0110_0300_0300.jpg 1 172 110 300 300
0255_0067_0047_0248_0248.jpg 1 67 47 248 248
0256_0123_0076_0049_0049.jpg 1 123 76 49 49
0257_0088_0170_0257_0257.jpg 1 88 170 257 257
0258_0125_0323_0263_0263.jpg 1 125 323 263 263
0259_0084_0114_0158_0158.jpg 1 84 114 158 158
0260_0332_0209_0069_0069.jpg 1 332 209 69 69
0261_0126_0199_0241_0241.jpg 1 126 199 241 241
0262_0324_0114_0084_0084.jpg 1 324 114 84 84
0263_0253_0073_0309_0309.jpg 1 253 73 309 309
0264_0237_0022_0330_0330.jpg 1 237 22 330 330
0265_0226_0125_0076_0076.jpg 1 226 125 76 76
0266_0180_0272_0099_0099.jpg 1 180 272 99 99
0267_0335_0144_0233_0233.jpg 1 335 144 233 233
0268_0220_0053_0220_0220.jpg 1 220 53 220 220
0269_0269_0200_0067_0067.jpg 1 269 200 67 67
0270_0097_0191_0213_0213.jpg 1 97 191 213 213
0271_0466_0288_0071_0071.jpg 1 466 288 71 71
0272_0097_0248_0092_0092.jpg 1 97 248 92 92
0273_0335_0163_0180_0180.jpg 1 335 163 180 180
0274_0257_0027_0313_0313.jpg 1 257 27 313 313
0275_0200_0302_0221_0221.jpg 1 200 302 221 221
0276_0217_0219_0181_0181.jpg 1 217 219 181 181
0277_0055_0106_0334_0334.jpg 1 55 106 334 334
0278_0095_0098_0279_0279.jpg 1 95 98 279 279
0279_0194_0086_0217_0217.jpg 1 194 86 217 217
0280_0229_0271_0095_0095.jpg 1 229 271 95 95
0281_0181_0086_0117_0117.jpg 1 181 86 117 117
0282_0034_0119_0116_0116.jpg 1 34 119 116 116
0283_0059_0129_0033_0033.jpg 1 59 129 33 33
0284_0054_0101_0149_0149.jpg 1 54 101 149 149
0285_0173_0221_0229_0229.jpg 1 173 221 229 229
0286_0405_0345_0054_0054.jpg 1 405 345 54 54
0287_0186_0130_0050_0050.jpg 1 186 130 50 50
0288_0427_0144_0052_0052.jpg 1 427 144 52 52
0289_0410_0134_0056_0056.jpg 1 410 134 56 56
0290_0076_0206_0105_0105.jpg 1 76 206 105 105
0291_0156_0291_0136_0136.jpg 1 156 291 136 136
0292_0255_0088_0279_0279.jpg 1 255 88 279 279
0293_0149_0146_0227_0227.jpg 1 149 146 227 227
0294_0362_0337_0055_0055.jpg 1 362 337 55 55
0295_0101_0099_0032_0032.jpg 1 101 99 32 32
0296_0123_0319_0070_0070.jpg 1 123 319 70 70
0297_0401_0161_0181_0181.jpg 1 401 161 181 181
0298_0291_0171_0224_0224.jpg 1 291 171 224 224
0299_0458_0148_0085_0085.jpg 1 458 148 85 85
0300_0062_0045_0198_0198.jpg 1 62 45 198 198
0301_0133_0099_0246_0246.jpg 1 133 99 246 246
0302_0454_0046_0123_0123.jpg 1 454 46 123 123
0303_0114_0138_0292_0292.jpg 1 114 138 292 292
0304_0295_0222_0094_0094.jpg 1 295 222 94 94
0305_0209_0222_0105_0105.jpg 1 209 222 105 105
0306_0299_0112_0213_0213.jpg 1 299 112 213 213
0307_0255_0278_0144_0144.jpg 1 255 278 144 144
0308_0295_0072_0258_0258.jpg 1 295 72 258 258
0309_0343_0152_0030_0030.jpg 1 343 152 30 30
0310_0225_0286_0074_0074.jpg 1 225 286 74 74
0311_0090_0102_0126_0126.jpg 1 90 102 126 126
0312_0289_0042_0176_0176.jpg 1 289 42 176 176
0313_0077_0132_0213_0213.jpg 1 77 132 213 213
0314_0094_0337_0090_0090.jpg 1 94 337 90 90
0315_0192_0084_0268_0268.jpg 1 192 84 268 268
0316_0296_0121_0190_0190.jpg 1 296 121 190 190
0317_0127_0120_0186_0186.jpg 1 127 120 186 186
0318_0138_0055_0226_0226.jpg 1 138 55 226 226
0319_0133_0025_0329_0329.jpg 1 133 25 329 329
0320_0104_0066_0316_0316.jpg 1 104 66 316 316
0321_0330_0073_0221_0221.jpg 1 330 73 221 221
0322_0111_0156_0206_0206.jpg 1 111 156 206 206
0323_0106_0229_0135_0135.jpg 1 106 229 135 135
0324_0426_0233_0130_0130.jpg 1 426 233 130 130
0325_0332_0074_0147_0147.jpg 1 332 74 147 147
0326_0344_0025_0256_0256.jpg 1 344 25 256 256
0327_0314_0046_0275_0275.jpg 1 314 46 275 275
0328_0076_0122_0175_0175.jpg 1 76 122 175 175
0329_0116_0122_0281_0281.jpg 1 116 122 281 281
0330_0047_0060_0200_0200.jpg 1 47 60 200 200
0331_0386_0245_0137_0137.jpg 1 386 245 137 137
0332_0262_0129_0281_0281.jpg 1 262 129 281 281
0333_0098_0185_0228_0228.jpg 1 98 185 228 228
0334_0350_0153_0115_0115.jpg 1 350 153 115 115
0335_0034_0030_0329_0329.jpg 1 34 30 329 329
0336_0152_0205_0247_0247.jpg 1 152 205 247 247
0337_0351_0062_0245_0245.jpg 1 351 62 245 245
0338_0076_0073_0324_0324.jpg 1 76 73 324 324
0339_0170_0043_0232_0232.jpg 1 170 43 232 232
0340_0415_0268_0147_0147.jpg 1 415 268 147 147
0341_0092_0112_0291_0291.jpg 1 92 112 291 291
0342_0353_0185_0209_0209.jpg 1 353 185 209 209
0343_0308_0097_0247_0247.jpg 1 308 97 247 247
0344_0041_0283_0093_0093.jpg 1 41 283 93 93
0345_0081_0055_0223_0223.jpg 1 81 55 223 223
0346_0135_0171_0160_0160.jpg 1 135 171 160 160
0347_0244_0404_0075_0075.jpg 1 244 404 75 75
0348_0252_0219_0144_0144.jpg 1 252 219 144 144
0349_0141_0100_0315_0315.jpg 1 141 100 315 315
0350_0275_0158_0216_0216.jpg 1 275 158 216 216
0351_0357_0059_0116_0116.jpg 1 357 59 116 116
0352_0148_0232_0207_0207.jpg 1 148 232 207 207
0353_0096_0044_0238_0238.jpg 1 96 44 238 238
0354_0371_0105_0033_0033.jpg 1 371 105 33 33
0355_0328_0171_0132_0132.jpg 1 328 171 132 132
0356_0144_0047_0290_0290.jpg 1 144 47 290 290
0357_0277_0109_0075_0075.jpg 1 277 109 75 75
0358_0139_0069_0277_0277.jpg 1 139 69 277 277
0359_0274_0056_0073_0073.jpg 1 274 56 73 73
0360_0232_0133_0026_0026.jpg 1 232 133 26 26
0361_0173_0027_0236_0236.jpg 1 173 27 236 236
0362_0066_0313_0109_0109.jpg 1 66 313 109 109
0363_0031_0098_0330_0330.jpg 1 31 98 330 330
0364_0229_0075_0332_0332.jpg 1 229 75 332 332
0365_0440_0306_0109_0109.jpg 1 440 306 109 109
0366_0051_0173_0199_0199.jpg 1 51 173 199 199
0367_0441_0097_0074_0074.jpg 1 441 97 74 74
0368_0369_0154_0179_0179.jpg 1 369 154 179 179
0369_0422_0122_0131_0131.jpg 1 422 122 131 131
0370_0259_0094_0329_0329.jpg 1 259 94 329 329
0371_0266_0129_0311_0311.jpg 1 266 129 311 311
0372_0194_0238_0075_0075.jpg 1 194 238 75 75
0373_0161_0107_0220_0220.jpg 1 161 107 220 220
0374_0225_0291_0103_0103.jpg 1 225 291 103 103
0375_0116_0101_0321_0321.jpg 1 116 101 321 321
0376_0096_0147_0261_0261.jpg 1 96 147 261 261
0377_0384_0039_0208_0208.jpg 1 384 39 208 208
0378_0173_0072_0213_0213.jpg 1 173 72 213 213
0379_0408_0328_0037_0037.jpg 1 408 328 37 37
0380_0111_0155_0211_0211.jpg 1 111 155 211 211
0381_0263_0135_0208_0208.jpg 1 263 135 208 208
0382_0206_0096_0332_0332.jpg 1 206 96 332 332
0383_0309_0170_0167_0167.jpg 1 309 170 167 167
0384_0117_0213_0234_0234.jpg 1 117 213 234 234
0385_0034_0267_0307_0307.jpg 1 34 267 307 307
0386_0164_0421_0072_0072.jpg 1 164 421 72 72
0387_0373_0165_0116_0116.jpg 1 373 165 116 116
0388_0045_0043_0230_0230.jpg 1 45 43 230 230
0389_0114_0066_0329_0329.jpg 1 114 66 329 329
0390_0227_0091_0301_0301.jpg 1 227 91 301 301
0391_0090_0081_0184_0184.jpg 1 90 81 184 184
0392_0329_0289_0142_0142.jpg 1 329 289 142 142
0393_0195_0111_0306_0306.jpg 1 195 111 306 306
0394_0264_0181_0160_0160.jpg 1 264 181 160 160
0395_0202_0046_0303_0303.jpg 1 202 46 303 303
0396_0251_0109_0263_0263.jpg 1 251 109 263 263
0397_0042_0032_0228_0228.jpg 1 42 32 228 228
0398_0462_0294_0044_0044.jpg 1 462 294 44 44
0399_0375_0062_0213_0213.jpg 1 375 62 213 213
0400_0297_0341_0030_0030.jpg 1 297 341 30 30
0401_0173_0073_0318_0318.jpg 1 173 73 318 318
0402_0315_0058_0042_0042.jpg 1 315 58 42 42
0403_0148_0217_0219_0219.jpg 1 148 217 219 219
0404_0052_0135_0317_0317.jpg 1 52 135 317 317
0405_0075_0123_0100_0100.jpg 1 75 123 100 100
0406_0280_0342_0080_0080.jpg 1 280 342 80 80
0407_0052_0303_0253_0253.jpg 1 52 303 253 253
0408_0372_0102_0057_0057.jpg 1 372 102 57 57
0409_0182_0056_0314_0314.jpg 1 182 56 314 314
0410_0098_0239_0209_0209.jpg 1 98 239 209 209
0411_0466_0244_0109_0109.jpg 1 466 244 109 109
0412_0084_0084_0328_0328.jpg 1 84 84 328 328
0413_0081_0110_0328_0328.jpg 1 81 110 328 328
0414_0190_0199_0226_0226.jpg 1 190 199 226 226
0415_0120_0195_0157_0157.jpg 1 120 195 157 157
0416_0396_0176_0173_0173.jpg 1 396 176 173 173
0417_0100_0224_0091_0091.jpg 1 100 224 91 91
0418_0256_0059_0163_0163.jpg 1 256 59 163 163
0419_0126_0351_0084_0084.jpg 1 126 351 84 84
0420_0122_0057_0095_0095.jpg 1 122 57 95 95
0421_0245_0125_0222_0222.jpg 1 245 125 222 222
0422_0178_0175_0169_0169.jpg 1 178 175 169 169
0423_0242_0152_0286_0286.jpg 1 242 152 286 286
0424_0275_0137_0312_0312.jpg 1 275 137 312 312
0425_0134_0058_0216_0216.jpg 1 134 58 216 216
0426_0116_0134_0063_0063.jpg 1 116 134 63 63
0427_0237_0095_0330_0330.jpg 1 237 95 330 330
0428_0360_0057_0035_0035.jpg 1 360 57 35 35
0429_0233_0123_0232_0232.jpg 1 233 123 232 232
0430_0172_0171_0226_0226.jpg 1 172 171 226 226
0431_0531_0083_0033_0033.jpg 1 531 83 33 33
0432_0283_0138_0149_0149.jpg 1 283 138 149 149
0433_0208_0170_0202_0202.jpg 1 208 170 202 202
0434_0122_0053_0335_0335.jpg 1 122 53 335 335
0435_0435_0156_0113_0113.jpg 1 435 156 113 113
0436_0303_0130_0262_0262.jpg 1 303 130 262 262
0437_0432_0299_0147_0147.jpg 1 432 299 147 147
0438_0099_0051_0123_0123.jpg 1 99 51 123 123
0439_0231_0184_0115_0115.jpg 1 231 184 115 115
0440_0073_0018_0307_0307.jpg 1 73 18 307 307
0441_0250_0055_0155_0155.jpg 1 250 55 155 155
0442_0252_0148_0233_0233.jpg 1 252 148 233 233
0443_0178_0194_0258_0258.jpg 1 178 194 258 258
0444_0330_0135_0167_0167.jpg 1 330 135 167 167
0445_0082_0123_0131_0131.jpg 1 82 123 131 131
0446_0148_0248_0149_0149.jpg 1 148 248 149 149
0447_0199_0062_0237_0237.jpg 1 199 62 237 237
0448_0257_0081_0317_0317.jpg 1 257 81 317 317
0449_0170_0098_0276_0276.jpg 1 170 98 276 276
0450_0137_0062_0031_0031.jpg 1 137 62 31 31
0451_0319_0332_0044_0044.jpg 1 319 332 44 44
0452_0381_0084_0076_0076.jpg 1 381 84 76 76
0453_0142_0043_0245_0245.jpg 1 142 43 245 245
0454_0240_0093_0317_0317.jpg 1 240 93 317 317
0455_0232_0216_0222_0222.jpg 1 232 216 222 222
0456_0320_0111_0217_0217.jpg 1 320 111 217 217
0457_0482_0199_0088_0088.jpg 1 482 199 88 88
0458_0044_0153_0282_0282.jpg 1 44 153 282 282
0459_0358_0291_0068_0068.jpg 1 358 291 68 68
0460_0093_0158_0282_0282.jpg 1 93 158 282 282
0461_0151_0094_0325_0325.jpg 1 151 94 325 325
0462_0142_0360_0042_0042.jpg 1 142 360 42 42
0463_0304_0173_0239_0239.jpg 1 304 173 239 239
0464_0306_0205_0151_0151.jpg 1 306 205 151 151
0465_0184_0135_0200_0200.jpg 1 184 135 200 200
0466_0341_0377_0025_0025.jpg 1 341 377 25 25
0467_0352_0199_0162_0162.jpg 1 352 199 162 162
0468_0288_0177_0281_0281.jpg 1 288 177 281 281
0469_0208_0090_0196_0196.jpg 1 208 90 196 196
0470_0203_0110_0187_0187.jpg 1 203 110 187 187
0471_0277_0297_0145_0145.jpg 1 277 297 145 145
0472_0252_0212_0170_0170.jpg 1 252 212 170 170
0473_0273_0123_0054_0054.jpg 1 273 123 54 54
0474_0245_0216_0188_0188.jpg 1 245 216 188 188
0475_0115_0144_0147_0147.jpg 1 115 144 147 147
0476_0162_0236_0075_0075.jpg 1 162 236 75 75
0477_0315_0199_0254_0254.jpg 1 315 199 254 254
0478_0227_0066_0319_0319.jpg 1 227 66 319 319
0479_0185_0315_0103_0103.jpg 1 185 315 103 103
0480_0119_0126_0229_0229.jpg 1 119 126 229 229
0481_0278_0155_0078_0078.jpg 1 278 155 78 78
0482_0221_0060_0313_0313.jpg 1 221 60 313 313
0483_0160_0136_0323_0323.jpg 1 160 136 323 323
0484_0115_0270_0102_0102.jpg 1 115 270 102 102
0485_0096_0036_0201_0201.jpg 1 96 36 201 201
0486_0353_0194_0218_0218.jpg 1 353 194 218 218
0487_0114_0039_0310_0310.jpg 1 114 39 310 310
0488_0173_0277_0056_0056.jpg 1 173 277 56 56
0489_0216_0132_0135_0135.jpg 1 216 132 135 135
0490_0189_0233_0156_0156.jpg 1 189 233 156 156
0491_0066_0149_0123_0123.jpg 1 66 149 123 123
0492_0316_0091_0124_0124.jpg 1 316 91 124 124
0493_0058_0118_0328_0328.jpg 1 58 118 328 328
0494_0274_0102_0322_0322.jpg 1 274 102 322 322
0495_0424_0235_0139_0139.jpg 1 424 235 139 139
0496_0102_0262_0167_0167.jpg 1 102 262 167 167
0497_0122_0042_0195_0195.jpg 1 122 42 195 195
0498_0046_0175_0240_0240.jpg 1 46 175 240 240
0499_0047_0085_0231_0231.jpg 1 47 85 231 231
0500_0337_0194_0172_0172.jpg 1 337 194 172 172
0501_0161_0124_0324_0324.jpg 1 161 124 324 324
0502_0378_0061_0195_0195.jpg 1 378 61 195 195
0503_0252_0158_0122_0122.jpg 1 252 158 122 122
0504_0045_0097_0261_0261.jpg 1 45 97 261 261
0505_0133_0072_0109_0109.jpg 1 133 72 109 109
0506_0201_0288_0103_0103.jpg 1 201 288 103 103
0507_0506_0077_0072_0072.jpg 1 506 77 72 72
0508_0303_0039_0133_0133.jpg 1 303 39 133 133
0509_0264_0094_0329_0329.jpg 1 264 94 329 329
0510_0273_0099_0304_0304.jpg 1 273 99 304 304
0511_0274_0075_0237_0237.jpg 1 274 75 237 237
0512_0043_0075_0298_0298.jpg 1 43 75 298 298
0513_0378_0257_0045_0045.jpg 1 378 257 45 45
0514_0063_0102_0171_0171.jpg 1 63 102 171 171
0515_0168_0096_0326_0326.jpg 1 168 96 326 326
0516_0200_0247_0151_0151.jpg 1 200 247 151 151
0517_0214_0052_0134_0134.jpg 1 214 52 134 134
0518_0292_0137_0249_0249.jpg 1 292 137 249 249
0519_0063_0068_0103_0103.jpg 1 63 68 103 103
0520_0062_0201_0231_0231.jpg 1 62 201 231 231
0521_0294_0336_0031_0031.jpg 1 294 336 31 31
0522_0348_0147_0090_0090.jpg 1 348 147 90 90
0523_0231_0347_0172_0172.jpg 1 231 347 172 172
0524_0117_0195_0294_0294.jpg 1 117 195 294 294
0525_0101_0178_0307_0307.jpg 1 101 178 307 307
0526_0248_0106_0305_0305.jpg 1 248 106 305 305
0527_0089_0123_0144_0144.jpg 1 89 123 144 144
0528_0229_0111_0225_0225.jpg 1 229 111 225 225
0529_0421_0039_0157_0157.jpg 1 421 39 157 157
0530_0257_0267_0051_0051.jpg 1 257 267 51 51
0531_0148_0133_0196_0196.jpg 1 148 133 196 196
0532_0406_0257_0093_0093.jpg 1 406 257 93 93
0533_0180_0234_0230_0230.jpg 1 180 234 230 230
0534_0175_0503_0043_0043.jpg 1 175 503 43 43
0535_0150_0123_0303_0303.jpg 1 150 123 303 303
0536_0159_0122_0147_0147.jpg 1 159 122 147 147
0537_0280_0170_0196_0196.jpg 1 280 170 196 196
0538_0166_0225_0131_0131.jpg 1 166 225 131 131
0539_0304_0262_0031_0031.jpg 1 304 262 31 31
0540_0204_0271_0160_0160.jpg 1 204 271 160 160
0541_0089_0081_0232_0232.jpg 1 89 81 232 232
0542_0294_0113_0264_0264.jpg 1 294 113 264 264
0543_0181_0205_0042_0042.jpg 1 181 205 42 42
0544_0094_0354_0186_0186.jpg 1 94 354 186 186
0545_0259_0062_0192_0192.jpg 1 259 62 192 192
0546_0328_0290_0143_0143.jpg 1 328 290 143 143
0547_0076_0184_0089_0089.jpg 1 76 184 89 89
0548_0335_0121_0249_0249.jpg 1 335 121 249 249
0549_0048_0133_0331_0331.jpg 1 48 133 331 331
0550_0402_0199_0135_0135.jpg 1 402 199 135 135
0551_0097_0030_0252_0252.jpg 1 97 30 252 252
0552_0094_0059_0103_0103.jpg 1 94 59 103 103
0553_0123_0167_0163_0163.jpg 1 123 167 163 163
0554_0098_0289_0302_0302.jpg 1 98 289 302 302
0555_0293_0126_0215_0215.jpg 1 293 126 215 215
0556_0165_0018_0322_0322.jpg 1 165 18 322 322
0557_0262_0050_0262_0262.jpg 1 262 50 262 262
0558_0072_0163_0138_0138.jpg 1 72 163 138 138
0559_0227_0180_0206_0206.jpg 1 227 180 206 206
0560_0186_0079_0240_0240.jpg 1 186 79 240 240
0561_0256_0264_0145_0145.jpg 1 256 264 145 145
0562_0077_0330_0214_0214.jpg 1 77 330 214 214
0563_0091_0147_0254_0254.jpg 1 91 147 254 254
0564_0262_0129_0251_0251.jpg 1 262 129 251 251
0565_0260_0095_0169_0169.jpg 1 260 95 169 169
0566_0305_0096_0222_0222.jpg 1 305 96 222 222
0567_0085_0187_0175_0175.jpg 1 85 187 175 175
0568_0311_0224_0227_0227.jpg 1 311 224 227 227
0569_0323_0049_0277_0277.jpg 1 323 49 277 277
0570_0101_0352_0243_0243.jpg 1 101 352 243 243
0571_0070_0532_0026_0026.jpg 1 70 532 26 26
0572_0264_0090_0026_0026.jpg 1 264 90 26 26
0573_0109_0301_0084_0084.jpg 1 109 301 84 84
0574_0029_0164_0331_0331.jpg 1 29 164 331 331
0575_0108_0160_0333_0333.jpg 1 108 160 333 333
0576_0068_0190_0068_0068.jpg 1 68 190 68 68
0577_0048_0069_0309_0309.jpg 1 48 69 309 309
0578_0053_0185_0270_0270.jpg 1 53 185 270 270
0579_0130_0054_0281_0281.jpg 1 130 54 281 281
0580_0250_0278_0160_0160.jpg 1 250 278 160 160
0581_0407_0257_0077_0077.jpg 1 407 257 77 77
0582_0320_0132_0196_0196.jpg 1 320 132 196 196
0583_0207_0024_0326_0326.jpg 1 207 24 326 326
0584_0166_0053_0172_0172.jpg 1 166 53 172 172
0585_0402_0278_0070_0070.jpg 1 402 278 70 70
0586_0142_0199_0201_0201.jpg 1 142 199 201 201
0587_0103_0093_0263_0263.jpg 1 103 93 263 263
0588_0056_0314_0102_0102.jpg 1 56 314 102 102
0589_0437_0088_0122_0122.jpg 1 437 88 122 122
0590_0084_0064_0251_0251.jpg 1 84 64 251 251
0591_0268_0350_0131_0131.jpg 1 268 350 131 131
0592_0188_0336_0025_0025.jpg 1 188 336 25 25
0593_0081_0061_0302_0302.jpg 1 81 61 302 302
0594_0399_0163_0053_0053.jpg 1 399 163 53 53
0595_0119_0062_0301_0301.jpg 1 119 62 301 301
0596_0152_0085_0277_0277.jpg 1 152 85 277 277
0597_0118_0215_0326_0326.jpg 1 118 215 326 326
0598_0110_0093_0256_0256.jpg 1 110 93 256 256
0599_0087_0178_0327_0327.jpg 1 87 178 327 327
0600_0032_0316_0169_0169.jpg 1 32 316 169 169
0601_0243_0269_0092_0092.jpg 1 243 269 92 92
0602_0139_0047_0223_0223.jpg 1 139 47 223 223
0603_0347_0258_0072_0072.jpg 1 347 258 72 72
0604_0262_0102_0270_0270.jpg 1 262 102 270 270
0605_0043_0122_0249_0249.jpg 1 43 122 249 249
0606_0050_0009_0100_0100.jpg 1 50 9 100 100
0607_0273_0082_0218_0218.jpg 1 273 82 218 218
0608_0122_0101_0325_0325.jpg 1 122 101 325 325
0609_0321_0069_0273_0273.jpg 1 321 69 273 273
0610_0162_0253_0094_0094.jpg 1 162 253 94 94
0611_0177_0019_0334_0334.jpg 1 177 19 334 334
0612_0101_0053_0319_0319.jpg 1 101 53 319 319
0613_0375_0294_0147_0147.jpg 1 375 294 147 147
0614_0188_0085_0097_0097.jpg 1 188 85 97 97
0615_0325_0087_0061_0061.jpg 1 325 87 61 61
0616_0085_0187_0208_0208.jpg 1 85 187 208 208
0617_0162_0029_0314_0314.jpg 1 162 29 314 314
0618_0055_0165_0260_0260.jpg 1 55 165 260 260
0619_0171_0014_0334_0334.jpg 1 171 14 334 334
0620_0194_0041_0198_0198.jpg 1 194 41 198 198
0621_0176_0079_0061_0061.jpg 1 176 79 61 61
0622_0203_0268_0106_0106.jpg 1 203 268 106 106
0623_0037_0090_0204_0204.jpg 1 37 90 204 204
0624_0228_0104_0219_0219.jpg 1 228 104 219 219
0625_0198_0129_0240_0240.jpg 1 198 129 240 240
0626_0310_0163_0267_0267.jpg 1 310 163 267 267
0627_0294_0069_0242_0242.jpg 1 294 69 242 242
0628_0397_0217_0164_0164.jpg 1 397 217 164 164
0629_0076_0367_0194_0194.jpg 1 76 367 194 194
0630_0036_0155_0265_0265.jpg 1 36 155 265 265
0631_0088_0293_0264_0264.jpg 1 88 293 264 264
0632_0038_0117_0155_0155.jpg 1 38 117 155 155
0633_0165_0407_0090_0090.jpg 1 165 407 90 90
0634_0064_0235_0294_0294.jpg 1 64 235 294 294
0635_0383_0197_0195_0195.jpg 1 383 197 195 195
0636_0213_0270_0235_0235.jpg 1 213 270 235 235
0637_0045_0336_0085_0085.jpg 1 45 336 85 85
0638_0205_0283_0232_0232.jpg 1 205 283 232 232
0639_0157_0128_0220_0220.jpg 1 157 128 220 220
0640_0077_0304_0295_0295.jpg 1 77 304 295 295
0641_0189_0235_0050_0050.jpg 1 189 235 50 50
0642_0110_0042_0221_0221.jpg 1 110 42 221 221
0643_0144_0114_0316_0316.jpg 1 144 114 316 316
0644_0095_0173_0276_0276.jpg 1 95 173 276 276
0645_0074_0125_0313_0313.jpg 1 74 125 313 313
0646_0114_0257_0100_0100.jpg 1 114 257 100 100
0647_0067_0217_0295_0295.jpg 1 67 217 295 295
0648_0375_0250_0183_0183.jpg 1 375 250 183 183
0649_0151_0282_0298_0298.jpg 1 151 282 298 298
0650_0083_0379_0139_0139.jpg 1 83 379 139 139
0651_0253_0104_0146_0146.jpg 1 253 104 146 146
0652_0116_0221_0287_0287.jpg 1 116 221 287 287
0653_0138_0225_0183_0183.jpg 1 138 225 183 183
0654_0459_0341_0075_0075.jpg 1 459 341 75 75
0655_0128_0152_0250_0250.jpg 1 128 152 250 250
0656_0406_0042_0105_0105.jpg 1 406 42 105 105
0657_0094_0046_0278_0278.jpg 1 94 46 278 278
0658_0311_0205_0121_0121.jpg 1 311 205 121 121
0659_0021_0072_0302_0302.jpg 1 21 72 302 302
0660_0087_0329_0264_0264.jpg 1 87 329 264 264
0661_0300_0331_0135_0135.jpg 1 300 331 135 135
0662_0209_0104_0028_0028.jpg 1 209 104 28 28
0663_0081_0167_0284_0284.jpg 1 81 167 284 284
0664_0306_0034_0262_0262.jpg 1 306 34 262 262
0665_0226_0117_0185_0185.jpg 1 226 117 185 185
0666_0067_0197_0183_0183.jpg 1 67 197 183 183
0667_0232_0229_0115_0115.jpg 1 232 229 115 115
0668_0300_0146_0245_0245.jpg 1 300 146 245 245
0669_0221_0307_0132_0132.jpg 1 221 307 132 132
0670_0341_0107_0183_0183.jpg 1 341 107 183 183
0671_0276_0428_0093_0093.jpg 1 276 428 93 93
0672_0166_0196_0145_0145.jpg 1 166 196 145 145
0673_0204_0102_0315_0315.jpg 1 204 102 315 315
0674_0302_0244_0137_0137.jpg 1 302 244 137 137
0675_0086_0233_0300_0300.jpg 1 86 233 300 300
0676_0183_0239_0250_0250.jpg 1 183 239 250 250
0677_0081_0068_0278_0278.jpg 1 81 68 278 278
0678_0289_0275_0125_0125.jpg 1 289 275 125 125
0679_0146_0111_0158_0158.jpg 1 146 111 158 158
0680_0303_0060_0278_0278.jpg 1 303 60 278 278
0681_0220_0430_0135_0135.jpg 1 220 430 135 135
0682_0143_0314_0254_0254.jpg 1 143 314 254 254
0683_0273_0340_0050_0050.jpg 1 273 340 50 50
0684_0486_0140_0098_0098.jpg 1 486 140 98 98
0685_0358_0215_0214_0214.jpg 1 358 215 214 214
0686_0339_0196_0187_0187.jpg 1 339 196 187 187
0687_0068_0244_0260_0260.jpg 1 68 244 260 260
0688_0315_0277_0109_0109.jpg 1 315 277 109 109
0689_0351_0039_0202_0202.jpg 1 351 39 202 202
0690_0102_0220_0255_0255.jpg 1 102 220 255 255
0691_0301_0108_0095_0095.jpg 1 301 108 95 95
0692_0076_0520_0044_0044.jpg 1 76 520 44 44
0693_0043_0075_0129_0129.jpg 1 43 75 129 129
0694_0289_0132_0229_0229.jpg 1 289 132 229 229
0695_0216_0125_0223_0223.jpg 1 216 125 223 223
0696_0302_0037_0148_0148.jpg 1 302 37 148 148
0697_0254_0044_0068_0068.jpg 1 254 44 68 68
0698_0516_0112_0054_0054.jpg 1 516 112 54 54
0699_0188_0073_0190_0190.jpg 1 188 73 190 190
0700_0210_0353_0053_0053.jpg 1 210 353 53 53
0701_0211_0100_0237_0237.jpg 1 211 100 237 237
0702_0222_0332_0164_0164.jpg 1 222 332 164 164
0703_0250_0152_0065_0065.jpg 1 250 152 65 65
0704_0110_0172_0246_0246.jpg 1 110 172 246 246
0705_0059_0131_0275_0275.jpg 1 59 131 275 275
0706_0057_0055_0077_0077.jpg 1 57 55 77 77
0707_0076_0122_0061_0061.jpg 1 76 122 61 61
0708_0062_0227_0202_0202.jpg 1 62 227 202 202
0709_0126_0264_0300_0300.jpg 1 126 264 300 300
0710_0133_0303_0062_0062.jpg 1 133 303 62 62
0711_0093_0075_0194_0194.jpg 1 93 75 194 194
0712_0115_0069_0251_0251.jpg 1 115 69 251 251
0713_0253_0313_0027_0027.jpg 1 253 313 27 27
0714_0042_0082_0208_0208.jpg 1 42 82 208 208
0715_0196_0317_0093_0093.jpg 1 196 317 93 93
0716_0275_0082_0029_0029.jpg 1 275 82 29 29
0717_0346_0294_0123_0123.jpg 1 346 294 123 123
0718_0077_0133_0131_0131.jpg 1 77 133 131 131
0719_0211_0075_0080_0080.jpg 1 211 75 80 80
0720_0055_0070_0236_0236.jpg 1 55 70 236 236
0721_0196_0196_0196_0196.jpg 1 196 196 196 196
0722_0318_0135_0188_0188.jpg 1 318 135 188 188
0723_0294_0218_0179_0179.jpg 1 294 218 179 179
0724_0102_0102_0266_0266.jpg 1 102 102 266 266
0725_0492_0344_0091_0091.jpg 1 492 344 91 91
0726_0090_0079_0277_0277.jpg 1 90 79 277 277
0727_0364_0297_0086_0086.jpg 1 364 297 86 86
0728_0134_0093_0298_0298.jpg 1 134 93 298 298
0729_0091_0250_0139_0139.jpg 1 91 250 139 139
0730_0046_0059_0199_0199.jpg 1 46 59 199 199
0731_0056_0194_0159_0159.jpg 1 56 194 159 159
0732_0241_0216_0082_0082.jpg 1 241 216 82 82
0733_0131_0267_0179_0179.jpg 1 131 267 179 179
0734_0194_0082_0161_0161.jpg 1 194 82 161 161
0735_0059_0120_0222_0222.jpg 1 59 120 222 222
0736_0101_0252_0238_0238.jpg 1 101 252 238 238
0737_0090_0261_0157_0157.jpg 1 90 261 157 157
0738_0317_0309_0091_0091.jpg 1 317 309 91 91
0739_0162_0027_0316_0316.jpg 1 162 27 316 316
0740_0323_0290_0137_0137.jpg 1 323 290 137 137
0741_0095_0025_0259_0259.jpg 1 95 25 259 259
0742_0244_0048_0084_0084.jpg 1 244 48 84 84
0743_0374_0114_0179_0179.jpg 1 374 114 179 179
0744_0497_0180_0068_0068.jpg 1 497 180 68 68
0745_0215_0103_0263_0263.jpg 1 215 103 263 263
0746_0404_0118_0044_0044.jpg 1 404 118 44 44
0747_0387_0178_0024_0024.jpg 1 387 178 24 24
0748_0176_0109_0216_0216.jpg 1 176 109 216 216
0749_0267_0086_0123_0123.jpg 1 267 86 123 123
0750_0291_0150_0189_0189.jpg 1 291 150 189 189
0751_0291_0214_0032_0032.jpg 1 291 214 32 32
0752_0435_0319_0074_0074.jpg 1 435 319 74 74
0753_0097_0133_0221_0221.jpg 1 97 133 221 221
0754_0302_0134_0190_0190.jpg 1 302 134 190 190
0755_0327_0030_0184_0184.jpg 1 327 30 184 184
0756_0216_0179_0182_0182.jpg 1 216 179 182 182
0757_0087_0145_0175_0175.jpg 1 87 145 175 175
0758_0082_0236_0173_0173.jpg 1 82 236 173 173
0759_0334_0322_0042_0042.jpg 1 334 322 42 42
0760_0077_0051_0154_0154.jpg 1 77 51 154 154
0761_0118_0139_0263_0263.jpg 1 118 139 263 263
0762_0305_0083_0100_0100.jpg 1 305 83 100 100
0763_0347_0211_0087_0087.jpg 1 347 211 87 87
0764_0214_0263_0181_0181.jpg 1 214 263 181 181
0765_0049_0155_0292_0292.jpg 1 49 155 292 292
0766_0306_0203_0130_0130.jpg 1 306 203 130 130
0767_0300_0179_0189_0189.jpg 1 300 179 189 189
0768_0052_0056_0278_0278.jpg 1 52 56 278 278
0769_0272_0164_0278_0278.jpg 1 272 164 278 278
0770_0281_0337_0043_0043.jpg 1 281 337 43 43
0771_0234_0178_0236_0236.jpg 1 234 178 236 236
0772_0462_0289_0111_0111.jpg 1 462 289 111 111
0773_0113_0127_0277_0277.jpg 1 113 127 277 277
0774_0255_0409_0024_0024.jpg 1 255 409 24 24
0775_0454_0220_0053_0053.jpg 1 454 220 53 53
0776_0070_0086_0208_0208.jpg 1 70 86 208 208
0777_0276_0050_0284_0284.jpg 1 276 50 284 284
0778_0165_0226_0244_0244.jpg 1 165 226 244 244
0779_0187_0192_0221_0221.jpg 1 187 192 221 221
0780_0324_0033_0220_0220.jpg 1 324 33 220 220
0781_0399_0170_0045_0045.jpg 1 399 170 45 45
0782_0294_0022_0304_0304.jpg 1 294 22 304 304
0783_0227_0073_0293_0293.jpg 1 227 73 293 293
0784_0309_0136_0036_0036.jpg 1 309 136 36 36
0785_0071_0083_0324_0324.jpg 1 71 83 324 324
0786_0137_0314_0033_0033.jpg 1 137 314 33 33
0787_0156_0493_0066_0066.jpg 1 156 493 66 66
0788_0244_0309_0027_0027.jpg 1 244 309 27 27
0789_0152_0182_0159_0159.jpg 1 152 182 159 159
0790_0048_0164_0205_0205.jpg 1 48 164 205 205
0791_0410_0215_0113_0113.jpg 1 410 215 113 113
0792_0045_0252_0301_0301.jpg 1 45 252 301 301
0793_0355_0404_0083_0083.jpg 1 355 404 83 83
0794_0031_0092_0302_0302.jpg 1 31 92 302 302
0795_0092_0202_0047_0047.jpg 1 92 202 47 47
0796_0155_0044_0247_0247.jpg 1 155 44 247 247
0797_0105_0098_0218_0218.jpg 1 105 98 218 218
0798_0079_0108_0309_0309.jpg 1 79 108 309 309
0799_0050_0477_0069_0069.jpg 1 50 477 69 69
0800_0256_0163_0104_0104.jpg 1 256 163 104 104
0801_0358_0290_0105_0105.jpg 1 358 290 105 105
0802_0178_0066_0238_0238.jpg 1 178 66 238 238
0803_0351_0051_0246_0246.jpg 1 351 51 246 246
0804_0260_0061_0229_0229.jpg 1 260 61 229 229
0805_0146_0292_0095_0095.jpg 1 146 292 95 95
0806_0252_0050_0308_0308.jpg 1 252 50 308 308
0807_0276_0078_0233_0233.jpg 1 276 78 233 233
0808_0101_0227_0110_0110.jpg 1 101 227 110 110
0809_0235_0137_0243_0243.jpg 1 235 137 243 243
0810_0065_0104_0168_0168.jpg 1 65 104 168 168
0811_0320_0281_0140_0140.jpg 1 320 281 140 140
0812_0116_0064_0275_0275.jpg 1 116 64 275 275
0813_0126_0046_0278_0278.jpg 1 126 46 278 278
0814_0293_0320_0075_0075.jpg 1 293 320 75 75
0815_0174_0047_0269_0269.jpg 1 174 47 269 269
0816_0285_0185_0120_0120.jpg 1 285 185 120 120
0817_0038_0124_0330_0330.jpg 1 38 124 330 330
0818_0045_0121_0239_0239.jpg 1 45 121 239 239
0819_0271_0056_0099_0099.jpg 1 271 56 99 99
0820_0384_0218_0086_0086.jpg 1 384 218 86 86
0821_0073_0172_0062_0062.jpg 1 73 172 62 62
0822_0129_0089_0315_0315.jpg 1 129 89 315 315
0823_0301_0259_0177_0177.jpg 1 301 259 177 177
0824_0118_0081_0278_0278.jpg 1 118 81 278 278
0825_0156_0282_0262_0262.jpg 1 156 282 262 262
0826_0217_0192_0229_0229.jpg 1 217 192 229 229
0827_0177_0273_0121_0121.jpg 1 177 273 121 121
0828_0257_0110_0225_0225.jpg 1 257 110 225 225
0829_0234_0161_0156_0156.jpg 1 234 161 156 156
0830_0039_0152_0286_0286.jpg 1 39 152 286 286
0831_0164_0127_0132_0132.jpg 1 164 127 132 132
0832_0310_0032_0281_0281.jpg 1 310 32 281 281
0833_0434_0062_0131_0131.jpg 1 434 62 131 131
0834_0086_0259_0170_0170.jpg 1 86 259 170 170
0835_0134_0096_0159_0159.jpg 1 134 96 159 159
0836_0043_0112_0332_0332.jpg 1 43 112 332 332
0837_0261_0091_0325_0325.jpg 1 261 91 325 325
0838_0345_0271_0086_0086.jpg 1 345 271 86 86
0839_0373_0361_0055_0055.jpg 1 373 361 55 55
0840_0488_0103_0040_0040.jpg 1 488 103 40 40
0841_0212_0078_0070_0070.jpg 1 212 78 70 70
0842_0136_0028_0239_0239.jpg 1 136 28 239 239
0843_0142_0216_0178_0178.jpg 1 142 216 178 178
0844_0413_0304_0039_0039.jpg 1 413 304 39 39
0845_0386_0092_0206_0206.jpg 1 386 92 206 206
0846_0086_0034_0322_0322.jpg 1 86 34 322 322
0847_0299_0035_0157_0157.jpg 1 299 35 157 157
0848_0049_0120_0213_0213.jpg 1 49 120 213 213
0849_0249_0186_0149_0149.jpg 1 249 186 149 149
0850_0306_0216_0212_0212.jpg 1 306 216 212 212
0851_0112_0033_0256_0256.jpg 1 112 33 256 256
0852_0324_0349_0069_0069.jpg 1 324 349 69 69
0853_0291_0034_0149_0149.jpg 1 291 34 149 149
0854_0314_0090_0106_0106.jpg 1 314 90 106 106
0855_0238_0066_0276_0276.jpg 1 238 66 276 276
0856_0295_0085_0142_0142.jpg 1 295 85 142 142
0857_0141_0104_0305_0305.jpg 1 141 104 305 305
0858_0307_0156_0055_0055.jpg 1 307 156 55 55
0859_0308_0167_0090_0090.jpg 1 308 167 90 90
0860_0088_0193_0111_0111.jpg 1 88 193 111 111
0861_0181_0146_0234_0234.jpg 1 181 146 234 234
0862_0089_0190_0240_0240.jpg 1 89 190 240 240
0863_0055_0245_0189_0189.jpg 1 55 245 189 189
0864_0235_0125_0334_0334.jpg 1 235 125 334 334
0865_0212_0135_0310_0310.jpg 1 212 135 310 310
0866_0448_0205_0084_0084.jpg 1 448 205 84 84
0867_0378_0174_0108_0108.jpg 1 378 174 108 108
0868_0278_0032_0310_0310.jpg 1 278 32 310 310
0869_0314_0048_0259_0259.jpg 1 314 48 259 259
0870_0099_0256_0038_0038.jpg 1 99 256 38 38
0871_0106_0129_0269_0269.jpg 1 106 129 269 269
0872_0338_0237_0157_0157.jpg 1 338 237 157 157
0873_0229_0370_0091_0091.jpg 1 229 370 91 91
0874_0498_0090_0071_0071.jpg 1 498 90 71 71
0875_0194_0133_0123_0123.jpg 1 194 133 123 123
0876_0353_0161_0155_0155.jpg 1 353 161 155 155
0877_0089_0209_0080_0080.jpg 1 89 209 80 80
0878_0093_0047_0275_0275.jpg 1 93 47 275 275
0879_0166_0128_0318_0318.jpg 1 166 128 318 318
0880_0153_0186_0098_0098.jpg 1 153 186 98 98
0881_0338_0254_0094_0094.jpg 1 338 254 94 94
0882_0278_0135_0102_0102.jpg 1 278 135 102 102
0883_0210_0234_0209_0209.jpg 1 210 234 209 209
0884_0094_0124_0046_0046.jpg 1 94 124 46 46
0885_0144_0185_0302_0302.jpg 1 144 185 302 302
0886_0246_0238_0089_0089.jpg 1 246 238 89 89
0887_0101_0070_0307_0307.jpg 1 101 70 307 307
0888_0149_0422_0156_0156.jpg 1 149 422 156 156
0889_0200_0452_0117_0117.jpg 1 200 452 117 117
0890_0253_0068_0082_0082.jpg 1 253 68 82 82
0891_0095_0239_0057_0057.jpg 1 95 239 57 57
0892_0082_0072_0259_0259.jpg 1 82 72 259 259
0893_0116_0243_0203_0203.jpg 1 116 243 203 203
0894_0258_0086_0324_0324.jpg 1 258 86 324 324
0895_0128_0139_0216_0216.jpg 1 128 139 216 216
0896_0165_0115_0301_0301.jpg 1 165 115 301 301
0897_0177_0342_0062_0062.jpg 1 177 342 62 62
0898_0509_0131_0041_0041.jpg 1 509 131 41 41
0899_0354_0107_0238_0238.jpg 1 354 107 238 238
0900_0330_0271_0102_0102.jpg 1 330 271 102 102
0901_0242_0239_0059_0059.jpg 1 242 239 59 59
0902_0260_0055_0191_0191.jpg 1 260 55 191 191
0903_0158_0081_0229_0229.jpg 1 158 81 229 229
0904_0374_0143_0202_0202.jpg 1 374 143 202 202
0905_0131_0316_0100_0100.jpg 1 131 316 100 100
0906_0208_0293_0029_0029.jpg 1 208 293 29 29
0907_0346_0109_0081_0081.jpg 1 346 109 81 81
0908_0299_0042_0067_0067.jpg 1 299 42 67 67
0909_0302_0243_0084_0084.jpg 1 302 243 84 84
0910_0337_0224_0070_0070.jpg 1 337 224 70 70
0911_0427_0203_0032_0032.jpg 1 427 203 32 32
0912_0425_0167_0073_0073.jpg 1 425 167 73 73
0913_0088_0123_0251_0251.jpg 1 88 123 251 251
0914_0128_0089_0191_0191.jpg 1 128 89 191 191
0915_0030_0048_0262_0262.jpg 1 30 48 262 262
0916_0045_0093_0136_0136.jpg 1 45 93 136 136
0917_0245_0131_0026_0026.jpg 1 245 131 26 26
0918_0323_0217_0120_0120.jpg 1 323 217 120 120
0919_0176_0109_0331_0331.jpg 1 176 109 331 331
0920_0194_0142_0160_0160.jpg 1 194 142 160 160
0921_0053_0028_0313_0313.jpg 1 53 28 313 313
0922_0057_0151_0113_0113.jpg 1 57 151 113 113
0923_0418_0088_0132_0132.jpg 1 418 88 132 132
0924_0164_0121_0140_0140.jpg 1 164 121 140 140
0925_0347_0336_0056_0056.jpg 1 347 336 56 56
0926_0454_0395_0034_0034.jpg 1 454 395 34 34
0927_0216_0311_0044_0044.jpg 1 216 311 44 44
0928_0176_0277_0116_0116.jpg 1 176 277 116 116
0929_0119_0159_0142_0142.jpg 1 119 159 142 142
0930_0115_0226_0226_0226.jpg 1 115 226 226 226
0931_0118_0064_0077_0077.jpg 1 118 64 77 77
0932_0047_0138_0318_0318.jpg 1 47 138 318 318
0933_0147_0066_0130_0130.jpg 1 147 66 130 130
0934_0360_0166_0232_0232.jpg 1 360 166 232 232
0935_0231_0210_0082_0082.jpg 1 231 210 82 82
0936_0362_0108_0120_0120.jpg 1 362 108 120 120
0937_0301_0132_0289_0289.jpg 1 301 132 289 289
0938_0123_0066_0291_0291.jpg 1 123 66 291 291
0939_0349_0098_0168_0168.jpg 1 349 98 168 168
0940_0248_0053_0204_0204.jpg 1 248 53 204 204
0941_0049_0069_0332_0332.jpg 1 49 69 332 332
0942_0072_0134_0128_0128.jpg 1 72 134 128 128
0943_0149_0051_0305_0305.jpg 1 149 51 305 305
0944_0224_0131_0327_0327.jpg 1 224 131 327 327
0945_0310_0239_0172_0172.jpg 1 310 239 172 172
0946_0141_0110_0259_0259.jpg 1 141 110 259 259
0947_0236_0422_0105_0105.jpg 1 236 422 105 105
0948_0118_0110_0195_0195.jpg 1 118 110 195 195
0949_0050_0093_0314_0314.jpg 1 50 93 314 314
0950_0553_0165_0025_0025.jpg 1 553 165 25 25
0951_0094_0078_0265_0265.jpg 1 94 78 265 265
0952_0288_0126_0203_0203.jpg 1 288 126 203 203
0953_0507_0331_0037_0037.jpg 1 507 331 37 37
0954_0489_0335_0079_0079.jpg 1 489 335 79 79
0955_0216_0273_0127_0127.jpg 1 216 273 127 127
0956_0152_0187_0204_0204.jpg 1 152 187 204 204
0957_0128_0274_0029_0029.jpg 1 128 274 29 29
0958_0390_0130_0088_0088.jpg 1 390 130 88 88
0959_0046_0021_0294_0294.jpg 1 46 21 294 294
0960_0273_0196_0227_0227.jpg 1 273 196 227 227
0961_0078_0135_0144_0144.jpg 1 78 135 144 144
0962_0148_0048_0330_0330.jpg 1 148 48 330 330
0963_0237_0222_0102_0102.jpg 1 237 222 102 102
0964_0329_0101_0060_0060.jpg 1 329 101 60 60
0965_0385_0253_0185_0185.jpg 1 385 253 185 185
0966_0163_0315_0128_0128.jpg 1 163 315 128 128
0967_0095_0274_0137_0137.jpg 1 95 274 137 137
0968_0279_0312_0059_0059.jpg 1 279 312 59 59
0969_0289_0118_0312_0312.jpg 1 289 118 312 312
0970_0311_0095_0229_0229.jpg 1 311 95 229 229
0971_0101_0271_0201_0201.jpg 1 101 271 201 201
0972_0106_0071_0107_0107.jpg 1 106 71 107 107
0973_0332_0178_0248_0248.jpg 1 332 178 248 248
0974_0261_0213_0214_0214.jpg 1 261 213 214 214
0975_0069_0191_0124_0124.jpg 1 69 191 124 124
0976_0045_0026_0322_0322.jpg 1 45 26 322 322
0977_0434_0179_0118_0118.jpg 1 434 179 118 118
0978_0339_0094_0216_0216.jpg 1 339 94 216 216
0979_0502_0139_0062_0062.jpg 1 502 139 62 62
0980_0413_0068_0128_0128.jpg 1 413 68 128 128
0981_0165_0187_0223_0223.jpg 1 165 187 223 223
0982_0169_0063_0228_0228.jpg 1 169 63 228 228
0983_0181_0167_0190_0190.jpg 1 181 167 190 190
0984_0287_0185_0224_0224.jpg 1 287 185 224 224
0985_0169_0187_0080_0080.jpg 1 169 187 80 80
0986_0413_0319_0039_0039.jpg 1 413 319 39 39
0987_0063_0281_0173_0173.jpg 1 63 281 173 173
0988_0056_0104_0330_0330.jpg 1 56 104 330 330
0989_0152_0215_0292_0292.jpg 1 152 215 292 292
0990_0322_0184_0237_0237.jpg 1 322 184 237 237
0991_0255_0134_0191_0191.jpg 1 255 134 191 191
0992_0101_0113_0041_0041.jpg 1 101 113 41 41
0993_0293_0508_0063_0063.jpg 1 293 508 63 63
0994_0083_0170_0168_0168.jpg 1 83 170 168 168
0995_0259_0243_0173_0173.jpg 1 259 243 173 173
0996_0097_0261_0035_0035.jpg 1 97 261 35 35
0997_0186_0171_0181_0181.jpg 1 186 171 181 181
0998_0264_0338_0130_0130.jpg 1 264 338 130 130
0999_0252_0123_0247_0247.jpg 1 252 123 247 247
1000_0276_0341_0062_0062.jpg 1 276 341 62 62
1001_0202_0039_0225_0225.jpg 1 202 39 225 225
1002_0155_0150_0276_0276.jpg 1 155 150 276 276
1003_0208_0122_0314_0314.jpg 1 208 122 314 314
1004_0258_0113_0302_0302.jpg 1 258 113 302 302
1005_0088_0222_0122_0122.jpg 1 88 222 122 122
1006_0496_0324_0065_0065.jpg 1 496 324 65 65
1007_0213_0122_0201_0201.jpg 1 213 122 201 201
1008_0269_0358_0034_0034.jpg 1 269 358 34 34
1009_0202_0267_0128_0128.jpg 1 202 267 128 128
1010_0175_0103_0097_0097.jpg 1 175 103 97 97
1011_0236_0149_0155_0155.jpg 1 236 149 155 155
1012_0292_0041_0199_0199.jpg 1 292 41 199 199
1013_0094_0040_0298_0298.jpg 1 94 40 298 298
1014_0339_0038_0183_0183.jpg 1 339 38 183 183
1015_0312_0123_0042_0042.jpg 1 312 123 42 42
1016_0455_0077_0057_0057.jpg 1 455 77 57 57
1017_0215_0332_0074_0074.jpg 1 215 332 74 74
1018_0156_0221_0175_0175.jpg 1 156 221 175 175
1019_0187_0109_0098_0098.jpg 1 187 109 98 98
1020_0269_0218_0133_0133.jpg 1 269 218 133 133
1021_0099_0109_0321_0321.jpg 1 99 109 321 321
1022_0155_0068_0205_0205.jpg 1 155 68 205 205
1023_0228_0077_0063_0063.jpg 1 228 77 63 63
1024_0088_0437_0105_0105.jpg 1 88 437 105 105
1025_0084_0038_0293_0293.jpg 1 84 38 293 293
1026_0227_0151_0308_0308.jpg 1 227 151 308 308
1027_0295_0184_0160_0160.jpg 1 295 184 160 160
1028_0157_0046_0067_0067.jpg 1 157 46 67 67
1029_0090_0090_0318_0318.jpg 1 90 90 318 318
1030_0138_0230_0149_0149.jpg 1 138 230 149 149
1031_0330_0195_0118_0118.jpg 1 330 195 118 118
1032_0109_0093_0064_0064.jpg 1 109 93 64 64
1033_0363_0104_0172_0172.jpg 1 363 104 172 172
1034_0268_0140_0053_0053.jpg 1 268 140 53 53
1035_0147_0197_0031_0031.jpg 1 147 197 31 31
1036_0442_0287_0116_0116.jpg 1 442 287 116 116
1037_0101_0228_0177_0177.jpg 1 101 228 177 177
1038_0168_0058_0325_0325.jpg 1 168 58 325 325
1039_0067_0210_0167_0167.jpg 1 67 210 167 167
1040_0189_0065_0268_0268.jpg 1 189 65 268 268
1041_0088_0272_0329_0329.jpg 1 88 272 329 329
1042_0124_0086_0064_0064.jpg 1 124 86 64 64
1043_0342_0263_0105_0105.jpg 1 342 263 105 105
1044_0306_0211_0100_0100.jpg 1 306 211 100 100
1045_0479_0245_0081_0081.jpg 1 479 245 81 81
1046_0189_0174_0256_0256.jpg 1 189 174 256 256
1047_0176_0150_0232_0232.jpg 1 176 150 232 232
1048_0263_0385_0050_0050.jpg 1 263 385 50 50
1049_0375_0221_0051_0051.jpg 1 375 221 51 51
1050_0197_0127_0176_0176.jpg 1 197 127 176 176
1051_0417_0109_0055_0055.jpg 1 417 109 55 55
1052_0314_0212_0212_0212.jpg 1 314 212 212 212
1053_0399_0040_0148_0148.jpg 1 399 40 148 148
1054_0187_0112_0307_0307.jpg 1 187 112 307 307
1055_0478_0196_0092_0092.jpg 1 478 196 92 92
1056_0120_0098_0235_0235.jpg 1 120 98 235 235
1057_0271_0121_0069_0069.jpg 1 271 121 69 69
1058_0084_0198_0195_0195.jpg 1 84 198 195 195
1059_0180_0176_0257_0257.jpg 1 180 176 257 257
1060_0450_0314_0024_0024.jpg 1 450 314 24 24
1061_0107_0327_0104_0104.jpg 1 107 327 104 104
1062_0238_0102_0066_0066.jpg 1 238 102 66 66
1063_0058_0157_0247_0247.jpg 1 58 157 247 247
1064_0322_0052_0206_0206.jpg 1 322 52 206 206
1065_0326_0239_0070_0070.jpg 1 326 239 70 70
1066_0063_0045_0250_0250.jpg 1 63 45 250 250
1067_0088_0183_0131_0131.jpg 1 88 183 131 131
1068_0111_0076_0173_0173.jpg 1 111 76 173 173
1069_0157_0072_0255_0255.jpg 1 157 72 255 255
1070_0180_0248_0049_0049.jpg 1 180 248 49 49
1071_0239_0048_0130_0130.jpg 1 239 48 130 130
1072_0329_0200_0161_0161.jpg 1 329 200 161 161
1073_0119_0098_0309_0309.jpg 1 119 98 309 309
1074_0160_0039_0095_0095.jpg 1 160 39 95 95
1075_0305_0176_0263_0263.jpg 1 305 176 263 263
1076_0327_0170_0192_0192.jpg 1 327 170 192 192
1077_0134_0103_0296_0296.jpg 1 134 103 296 296
1078_0433_0233_0156_0156.jpg 1 433 233 156 156
1079_0153_0045_0093_0093.jpg 1 153 45 93 93
1080_0417_0295_0133_0133.jpg 1 417 295 133 133
1081_0389_0106_0127_0127.jpg 1 389 106 127 127
1082_0278_0222_0166_0166.jpg 1 278 222 166 166
1083_0103_0243_0203_0203.jpg 1 103 243 203 203
1084_0242_0156_0279_0279.jpg 1 242 156 279 279
1085_0379_0141_0048_0048.jpg 1 379 141 48 48
1086_0336_0129_0208_0208.jpg 1 336 129 208 208
1087_0090_0066_0312_0312.jpg 1 90 66 312 312
1088_0432_0211_0137_0137.jpg 1 432 211 137 137
1089_0299_0062_0271_0271.jpg 1 299 62 271 271
1090_0169_0334_0025_0025.jpg 1 169 334 25 25
1091_0153_0281_0041_0041.jpg 1 153 281 41 41
1092_0205_0240_0139_0139.jpg 1 205 240 139 139
1093_0201_0195_0228_0228.jpg 1 201 195 228 228
1094_0297_0124_0045_0045.jpg 1 297 124 45 45
1095_0176_0262_0046_0046.jpg 1 176 262 46 46
1096_0383_0072_0206_0206.jpg 1 383 72 206 206
1097_0169_0155_0240_0240.jpg 1 169 155 240 240
1098_0154_0113_0117_0117.jpg 1 154 113 117 117
1099_0271_0135_0156_0156.jpg 1 271 135 156 156
1100_0335_0142_0209_0209.jpg 1 335 142 209 209
1101_0346_0038_0128_0128.jpg 1 346 38 128 128
1102_0137_0303_0133_0133.jpg 1 137 303 133 133
1103_0323_0448_0053_0053.jpg 1 323 448 53 53
1104_0133_0067_0305_0305.jpg 1 133 67 305 305
1105_0230_0347_0059_0059.jpg 1 230 347 59 59
1106_0085_0083_0293_0293.jpg 1 85 83 293 293
1107_0235_0325_0058_0058.jpg 1 235 325 58 58
1108_0070_0119_0263_0263.jpg 1 70 119 263 263
1109_0511_0155_0034_0034.jpg 1 511 155 34 34
1110_0091_0053_0188_0188.jpg 1 91 53 188 188
1111_0313_0165_0057_0057.jpg 1 313 165 57 57
1112_0343_0127_0130_0130.jpg 1 343 127 130 130
1113_0245_0150_0199_0199.jpg 1 245 150 199 199
1114_0154_0242_0087_0087.jpg 1 154 242 87 87
1115_0292_0443_0090_0090.jpg 1 292 443 90 90
1116_0341_0331_0094_0094.jpg 1 341 331 94 94
1117_0292_0137_0231_0231.jpg 1 292 137 231 231
1118_0296_0126_0166_0166.jpg 1 296 126 166 166
1119_0069_0150_0302_0302.jpg 1 69 150 302 302
1120_0474_0288_0039_0039.jpg 1 474 288 39 39
1121_0263_0100_0309_0309.jpg 1 263 100 309 309
1122_0338_0308_0122_0122.jpg 1 338 308 122 122
1123_0326_0270_0037_0037.jpg 1 326 270 37 37
1124_0090_0253_0067_0067.jpg 1 90 253 67 67
1125_0106_0241_0060_0060.jpg 1 106 241 60 60
1126_0379_0081_0218_0218.jpg 1 379 81 218 218
1127_0069_0279_0031_0031.jpg 1 69 279 31 31
1128_0063_0127_0304_0304.jpg 1 63 127 304 304
1129_0100_0232_0151_0151.jpg 1 100 232 151 151
1130_0221_0070_0283_0283.jpg 1 221 70 283 283
1131_0234_0112_0281_0281.jpg 1 234 112 281 281
1132_0227_0041_0321_0321.jpg 1 227 41 321 321
1133_0353_0043_0128_0128.jpg 1 353 43 128 128
1134_0333_0029_0198_0198.jpg 1 333 29 198 198
1135_0359_0125_0064_0064.jpg 1 359 125 64 64
1136_0204_0170_0247_0247.jpg 1 204 170 247 247
1137_0252_0121_0279_0279.jpg 1 252 121 279 279
1138_0219_0107_0265_0265.jpg 1 219 107 265 265
1139_0164_0239_0174_0174.jpg 1 164 239 174 174
1140_0389_0084_0150_0150.jpg 1 389 84 150 150
1141_0318_0083_0195_0195.jpg 1 318 83 195 195
1142_0290_0054_0315_0315.jpg 1 290 54 315 315
1143_0219_0166_0098_0098.jpg 1 219 166 98 98
1144_0219_0194_0068_0068.jpg 1 219 194 68 68
1145_0300_0096_0249_0249.jpg 1 300 96 249 249
1146_0124_0081_0317_0317.jpg 1 124 81 317 317
1147_0288_0162_0207_0207.jpg 1 288 162 207 207
1148_0144_0095_0091_0091.jpg 1 144 95 91 91
1149_0242_0110_0211_0211.jpg 1 242 110 211 211
1150_0289_0200_0099_0099.jpg 1 289 200 99 99
1151_0442_0116_0115_0115.jpg 1 442 116 115 115
1152_0338_0182_0057_0057.jpg 1 338 182 57 57
1153_0033_0063_0305_0305.jpg 1 33 63 305 305
1154_0283_0110_0312_0312.jpg 1 283 110 312 312
1155_0107_0201_0155_0155.jpg 1 107 201 155 155
1156_0223_0137_0138_0138.jpg 1 223 137 138 138
1157_0214_0195_0152_0152.jpg 1 214 195 152 152
1158_0348_0310_0068_0068.jpg 1 348 310 68 68
1159_0212_0186_0261_0261.jpg 1 212 186 261 261
1160_0213_0027_0316_0316.jpg 1 213 27 316 316
1161_0244_0102_0298_0298.jpg 1 244 102 298 298
1162_0282_0122_0256_0256.jpg 1 282 122 256 256
1163_0243_0348_0068_0068.jpg 1 243 348 68 68
1164_0197_0371_0031_0031.jpg 1 197 371 31 31
1165_0277_0108_0204_0204.jpg 1 277 108 204 204
1166_0347_0141_0147_0147.jpg 1 347 141 147 147
1167_0401_0110_0144_0144.jpg 1 401 110 144 144
1168_0211_0152_0051_0051.jpg 1 211 152 51 51
1169_0264_0034_0200_0200.jpg 1 264 34 200 200
1170_0442_0046_0057_0057.jpg 1 442 46 57 57
1171_0302_0275_0058_0058.jpg 1 302 275 58 58
1172_0494_0282_0049_0049.jpg 1 494 282 49 49
1173_0371_0315_0047_0047.jpg 1 371 315 47 47
1174_0420_0272_0160_0160.jpg 1 420 272 160 160
1175_0087_0408_0045_0045.jpg 1 87 408 45 45
1176_0169_0160_0179_0179.jpg 1 169 160 179 179
1177_0398_0158_0033_0033.jpg 1 398 158 33 33
1178_0427_0157_0115_0115.jpg 1 427 157 115 115
1179_0373_0084_0121_0121.jpg 1 373 84 121 121
1180_0242_0303_0128_0128.jpg 1 242 303 128 128
1181_0138_0148_0059_0059.jpg 1 138 148 59 59
1182_0159_0071_0207_0207.jpg 1 159 71 207 207
1183_0104_0058_0284_0284.jpg 1 104 58 284 284
1184_0328_0166_0202_0202.jpg 1 328 166 202 202
1185_0054_0271_0155_0155.jpg 1 54 271 155 155
1186_0109_0055_0236_0236.jpg 1 109 55 236 236
1187_0167_0135_0313_0313.jpg 1 167 135 313 313
1188_0306_0143_0103_0103.jpg 1 306 143 103 103
1189_0318_0165_0052_0052.jpg 1 318 165 52 52
1190_0153_0102_0295_0295.jpg 1 153 102 295 295
1191_0159_0064_0332_0332.jpg 1 159 64 332 332
1192_0118_0069_0265_0265.jpg 1 118 69 265 265
1193_0149_0068_0325_0325.jpg 1 149 68 325 325
1194_0299_0155_0291_0291.jpg 1 299 155 291 291
1195_0176_0079_0335_0335.jpg 1 176 79 335 335
1196_0151_0229_0157_0157.jpg 1 151 229 157 157
1197_0175_0042_0235_0235.jpg 1 175 42 235 235
1198_0426_0035_0164_0164.jpg 1 426 35 164 164
1199_0399_0225_0129_0129.jpg 1 399 225 129 129
1200_0289_0046_0298_0298.jpg 1 289 46 298 298
1201_0201_0332_0073_0073.jpg 1 201 332 73 73
1202_0412_0147_0151_0151.jpg 1 412 147 151 151
1203_0362_0189_0102_0102.jpg 1 362 189 102 102
1204_0270_0169_0207_0207.jpg 1 270 169 207 207
1205_0073_0184_0040_0040.jpg 1 73 184 40 40
1206_0261_0170_0253_0253.jpg 1 261 170 253 253
1207_0251_0166_0202_0202.jpg 1 251 166 202 202
1208_0094_0130_0277_0277.jpg 1 94 130 277 277
1209_0123_0056_0335_0335.jpg 1 123 56 335 335
1210_0260_0079_0114_0114.jpg 1 260 79 114 114
1211_0473_0328_0032_0032.jpg 1 473 328 32 32
1212_0090_0060_0112_0112.jpg 1 90 60 112 112
1213_0173_0327_0091_0091.jpg 1 173 327 91 91
1214_0130_0334_0037_0037.jpg 1 130 334 37 37
1215_0069_0111_0260_0260.jpg 1 69 111 260 260
1216_0141_0049_0065_0065.jpg 1 141 49 65 65
1217_0365_0149_0155_0155.jpg 1 365 149 155 155
1218_0163_0040_0284_0284.jpg 1 163 40 284 284
1219_0082_0262_0129_0129.jpg 1 82 262 129 129
1220_0143_0154_0078_0078.jpg 1 143 154 78 78
1221_0138_0098_0174_0174.jpg 1 138 98 174 174
1222_0207_0062_0320_0320.jpg 1 207 62 320 320
1223_0253_0117_0323_0323.jpg 1 253 117 323 323
1224_0235_0181_0068_0068.jpg 1 235 181 68 68
1225_0193_0039_0280_0280.jpg 1 193 39 280 280
1226_0116_0280_0150_0150.jpg 1 116 280 150 150
1227_0083_0353_0039_0039.jpg 1 83 353 39 39
1228_0066_0052_0320_0320.jpg 1 66 52 320 320
1229_0311_0153_0036_0036.jpg 1 311 153 36 36
1230_0395_0298_0095_0095.jpg 1 395 298 95 95
1231_0101_0130_0331_0331.jpg 1 101 130 331 331
1232_0229_0150_0215_0215.jpg 1 229 150 215 215
1233_0137_0130_0239_0239.jpg 1 137 130 239 239
1234_0308_0207_0224_0224.jpg 1 308 207 224 224
1235_0073_0058_0084_0084.jpg 1 73 58 84 84
1236_0308_0028_0294_0294.jpg 1 308 28 294 294
1237_0348_0131_0241_0241.jpg 1 348 131 241 241
1238_0120_0250_0157_0157.jpg 1 120 250 157 157
1239_0479_0095_0106_0106.jpg 1 479 95 106 106
1240_0301_0334_0068_0068.jpg 1 301 334 68 68
1241_0159_0062_0151_0151.jpg 1 159 62 151 151
1242_0296_0062_0136_0136.jpg 1 296 62 136 136
1243_0309_0042_0148_0148.jpg 1 309 42 148 148
1244_0098_0122_0312_0312.jpg 1 98 122 312 312
1245_0118_0185_0241_0241.jpg 1 118 185 241 241
1246_0229_0380_0042_0042.jpg 1 229 380 42 42
1247_0310_0093_0282_0282.jpg 1 310 93 282 282
1248_0247_0119_0067_0067.jpg 1 247 119 67 67
1249_0265_0209_0068_0068.jpg 1 265 209 68 68
1250_0270_0069_0039_0039.jpg 1 270 69 39 39
1251_0112_0070_0166_0166.jpg 1 112 70 166 166
1252_0184_0145_0226_0226.jpg 1 184 145 226 226
1253_0335_0192_0241_0241.jpg 1 335 192 241 241
1254_0423_0084_0161_0161.jpg 1 423 84 161 161
1255_0066_0183_0163_0163.jpg 1 66 183 163 163
1256_0300_0160_0156_0156.jpg 1 300 160 156 156
1257_0164_0021_0295_0295.jpg 1 164 21 295 295
1258_0207_0366_0031_0031.jpg 1 207 366 31 31
1259_0068_0171_0330_0330.jpg 1 68 171 330 330
1260_0344_0123_0187_0187.jpg 1 344 123 187 187
1261_0089_0042_0288_0288.jpg 1 89 42 288 288
1262_0353_0058_0066_0066.jpg 1 353 58 66 66
1263_0127_0087_0295_0295.jpg 1 127 87 295 295
1264_0198_0173_0166_0166.jpg 1 198 173 166 166
1265_0120_0226_0191_0191.jpg 1 120 226 191 191
1266_0101_0088_0077_0077.jpg 1 101 88 77 77
1267_0281_0192_0104_0104.jpg 1 281 192 104 104
1268_0243_0165_0029_0029.jpg 1 243 165 29 29
1269_0167_0332_0029_0029.jpg 1 167 332 29 29
1270_0350_0080_0030_0030.jpg 1 350 80 30 30
1271_0485_0145_0082_0082.jpg 1 485 145 82 82
1272_0473_0069_0086_0086.jpg 1 473 69 86 86
1273_0439_0227_0127_0127.jpg 1 439 227 127 127
1274_0247_0116_0119_0119.jpg 1 247 116 119 119
1275_0453_0248_0061_0061.jpg 1 453 248 61 61
1276_0338_0218_0097_0097.jpg 1 338 218 97 97
1277_0122_0245_0059_0059.jpg 1 122 245 59 59
1278_0089_0122_0334_0334.jpg 1 89 122 334 334
1279_0316_0127_0133_0133.jpg 1 316 127 133 133
1280_0082_0314_0209_0209.jpg 1 82 314 209 209
1281_0124_0116_0052_0052.jpg 1 124 116 52 52
1282_0333_0052_0147_0147.jpg 1 333 52 147 147
1283_0078_0360_0060_0060.jpg 1 78 360 60 60
1284_0056_0217_0134_0134.jpg 1 56 217 134 134
1285_0265_0171_0219_0219.jpg 1 265 171 219 219
1286_0129_0106_0119_0119.jpg 1 129 106 119 119
1287_0302_0032_0261_0261.jpg 1 302 32 261 261
1288_0263_0096_0230_0230.jpg 1 263 96 230 230
1289_0284_0178_0279_0279.jpg 1 284 178 279 279
1290_0327_0140_0260_0260.jpg 1 327 140 260 260
1291_0185_0169_0186_0186.jpg 1 185 169 186 186
1292_0405_0173_0099_0099.jpg 1 405 173 99 99
1293_0199_0316_0041_0041.jpg 1 199 316 41 41
1294_0193_0263_0175_0175.jpg 1 193 263 175 175
1295_0326_0137_0039_0039.jpg 1 326 137 39 39
1296_0372_0070_0100_0100.jpg 1 372 70 100 100
1297_0397_0077_0119_0119.jpg 1 397 77 119 119
1298_0126_0119_0233_0233.jpg 1 126 119 233 233
1299_0321_0097_0242_0242.jpg 1 321 97 242 242
1300_0388_0102_0105_0105.jpg 1 388 102 105 105
1301_0098_0114_0240_0240.jpg 1 98 114 240 240
1302_0164_0109_0280_0280.jpg 1 164 109 280 280
1303_0186_0099_0275_0275.jpg 1 186 99 275 275
1304_0079_0060_0121_0121.jpg 1 79 60 121 121
1305_0092_0248_0056_0056.jpg 1 92 248 56 56
1306_0078_0155_0161_0161.jpg 1 78 155 161 161
1307_0308_0119_0290_0290.jpg 1 308 119 290 290
1308_0256_0214_0156_0156.jpg 1 256 214 156 156
1309_0231_0044_0261_0261.jpg 1 231 44 261 261
1310_0315_0503_0057_0057.jpg 1 315 503 57 57
1311_0165_0103_0065_0065.jpg 1 165 103 65 65
1312_0276_0065_0065_0065.jpg 1 276 65 65 65
1313_0112_0166_0041_0041.jpg 1 112 166 41 41
1314_0186_0429_0117_0117.jpg 1 186 429 117 117
1315_0270_0278_0076_0076.jpg 1 270 278 76 76
1316_0093_0329_0058_0058.jpg 1 93 329 58 58
1317_0035_0116_0283_0283.jpg 1 35 116 283 283
1318_0230_0212_0136_0136.jpg 1 230 212 136 136
1319_0231_0061_0227_0227.jpg 1 231 61 227 227
1320_0094_0185_0175_0175.jpg 1 94 185 175 175
1321_0217_0099_0205_0205.jpg 1 217 99 205 205
1322_0316_0292_0038_0038.jpg 1 316 292 38 38
1323_0198_0078_0135_0135.jpg 1 198 78 135 135
1324_0093_0067_0120_0120.jpg 1 93 67 120 120
1325_0185_0118_0137_0137.jpg 1 185 118 137 137
1326_0053_0062_0159_0159.jpg 1 53 62 159 159
1327_0476_0109_0058_0058.jpg 1 476 109 58 58
1328_0383_0048_0151_0151.jpg 1 383 48 151 151
1329_0108_0185_0041_0041.jpg 1 108 185 41 41
1330_0230_0113_0187_0187.jpg 1 230 113 187 187
1331_0373_0051_0076_0076.jpg 1 373 51 76 76
1332_0399_0064_0057_0057.jpg 1 399 64 57 57
1333_0383_0157_0183_0183.jpg 1 383 157 183 183
1334_0254_0107_0157_0157.jpg 1 254 107 157 157
1335_0078_0174_0176_0176.jpg 1 78 174 176 176
1336_0248_0152_0198_0198.jpg 1 248 152 198 198
1337_0262_0119_0132_0132.jpg 1 262 119 132 132
1338_0139_0083_0153_0153.jpg 1 139 83 153 153
1339_0209_0048_0207_0207.jpg 1 209 48 207 207
1340_0235_0105_0271_0271.jpg 1 235 105 271 271
1341_0102_0055_0035_0035.jpg 1 102 55 35 35
1342_0225_0165_0191_0191.jpg 1 225 165 191 191
1343_0405_0123_0188_0188.jpg 1 405 123 188 188
1344_0467_0190_0060_0060.jpg 1 467 190 60 60
1345_0185_0244_0061_0061.jpg 1 185 244 61 61
1346_0130_0168_0234_0234.jpg 1 130 168 234 234
1347_0273_0096_0181_0181.jpg 1 273 96 181 181
1348_0245_0101_0285_0285.jpg 1 245 101 285 285
1349_0471_0108_0054_0054.jpg 1 471 108 54 54
1350_0064_0167_0168_0168.jpg 1 64 167 168 168
1351_0299_0023_0232_0232.jpg 1 299 23 232 232
1352_0320_0140_0148_0148.jpg 1 320 140 148 148
1353_0156_0076_0206_0206.jpg 1 156 76 206 206
1354_0110_0100_0236_0236.jpg 1 110 100 236 236
1355_0367_0245_0140_0140.jpg 1 367 245 140 140
1356_0150_0210_0095_0095.jpg 1 150 210 95 95
1357_0140_0130_0146_0146.jpg 1 140 130 146 146
1358_0086_0450_0103_0103.jpg 1 86 450 103 103
1359_0232_0084_0086_0086.jpg 1 232 84 86 86
1360_0051_0194_0095_0095.jpg 1 51 194 95 95
1361_0031_0085_0270_0270.jpg 1 31 85 270 270
1362_0258_0215_0092_0092.jpg 1 258 215 92 92
1363_0188_0058_0258_0258.jpg 1 188 58 258 258
1364_0120_0262_0039_0039.jpg 1 120 262 39 39
1365_0043_0215_0227_0227.jpg 1 43 215 227 227
1366_0129_0134_0271_0271.jpg 1 129 134 271 271
1367_0214_0131_0226_0226.jpg 1 214 131 226 226
1368_0101_0103_0221_0221.jpg 1 101 103 221 221
1369_0205_0158_0045_0045.jpg 1 205 158 45 45
1370_0157_0190_0111_0111.jpg 1 157 190 111 111
1371_0268_0523_0031_0031.jpg 1 268 523 31 31
1372_0155_0115_0024_0024.jpg 1 155 115 24 24
1373_0121_0405_0180_0180.jpg 1 121 405 180 180
1374_0195_0417_0171_0171.jpg 1 195 417 171 171
1375_0095_0105_0183_0183.jpg 1 95 105 183 183
1376_0091_0159_0162_0162.jpg 1 91 159 162 162
1377_0364_0092_0206_0206.jpg 1 364 92 206 206
1378_0191_0053_0287_0287.jpg 1 191 53 287 287
1379_0129_0253_0077_0077.jpg 1 129 253 77 77
1380_0114_0049_0294_0294.jpg 1 114 49 294 294
1381_0380_0077_0121_0121.jpg 1 380 77 121 121
1382_0103_0140_0117_0117.jpg 1 103 140 117 117
1383_0234_0182_0220_0220.jpg 1 234 182 220 220
1384_0048_0083_0126_0126.jpg 1 48 83 126 126
1385_0131_0086_0129_0129.jpg 1 131 86 129 129
1386_0497_0232_0072_0072.jpg 1 497 232 72 72
1387_0452_0172_0131_0131.jpg 1 452 172 131 131
1388_0138_0140_0168_0168.jpg 1 138 140 168 168
1389_0293_0136_0149_0149.jpg 1 293 136 149 149
1390_0123_0065_0272_0272.jpg 1 123 65 272 272
1391_0464_0092_0028_0028.jpg 1 464 92 28 28
1392_0343_0138_0141_0141.jpg 1 343 138 141 141
1393_0123_0086_0119_0119.jpg 1 123 86 119 119
1394_0056_0141_0221_0221.jpg 1 56 141 221 221
1395_0352_0250_0088_0088.jpg 1 352 250 88 88
1396_0336_0056_0250_0250.jpg 1 336 56 250 250
1397_0144_0222_0130_0130.jpg 1 144 222 130 130
1398_0458_0128_0112_0112.jpg 1 458 128 112 112
1399_0068_0125_0199_0199.jpg 1 68 125 199 199
1400_0206_0018_0285_0285.jpg 1 206 18 285 285
1401_0300_0272_0121_0121.jpg 1 300 272 121 121
1402_0138_0134_0162_0162.jpg 1 138 134 162 162
1403_0332_0056_0263_0263.jpg 1 332 56 263 263
1404_0220_0094_0141_0141.jpg 1 220 94 141 141
1405_0292_0255_0064_0064.jpg 1 292 255 64 64
1406_0253_0017_0267_0267.jpg 1 253 17 267 267
1407_0033_0175_0170_0170.jpg 1 33 175 170 170
1408_0221_0085_0269_0269.jpg 1 221 85 269 269
1409_0063_0170_0104_0104.jpg 1 63 170 104 104
1410_0092_0170_0192_0192.jpg 1 92 170 192 192
1411_0488_0312_0027_0027.jpg 1 488 312 27 27
1412_0312_0162_0168_0168.jpg 1 312 162 168 168
1413_0250_0154_0215_0215.jpg 1 250 154 215 215
1414_0144_0243_0143_0143.jpg 1 144 243 143 143
1415_0234_0202_0036_0036.jpg 1 234 202 36 36
1416_0046_0014_0292_0292.jpg 1 46 14 292 292
1417_0031_0309_0203_0203.jpg 1 31 309 203 203
1418_0190_0109_0279_0279.jpg 1 190 109 279 279
1419_0131_0118_0063_0063.jpg 1 131 118 63 63
1420_0267_0114_0263_0263.jpg 1 267 114 263 263
1421_0114_0134_0171_0171.jpg 1 114 134 171 171
1422_0194_0142_0100_0100.jpg 1 194 142 100 100
1423_0164_0153_0209_0209.jpg 1 164 153 209 209
1424_0143_0068_0141_0141.jpg 1 143 68 141 141
1425_0343_0086_0076_0076.jpg 1 343 86 76 76
1426_0327_0178_0132_0132.jpg 1 327 178 132 132
1427_0217_0063_0245_0245.jpg 1 217 63 245 245
1428_0435_0058_0110_0110.jpg 1 435 58 110 110
1429_0126_0075_0143_0143.jpg 1 126 75 143 143
1430_0130_0078_0237_0237.jpg 1 130 78 237 237
1431_0143_0030_0284_0284.jpg 1 143 30 284 284
1432_0313_0227_0113_0113.jpg 1 313 227 113 113
1433_0287_0178_0217_0217.jpg 1 287 178 217 217
1434_0205_0033_0273_0273.jpg 1 205 33 273 273
1435_0258_0180_0041_0041.jpg 1 258 180 41 41
1436_0103_0113_0290_0290.jpg 1 103 113 290 290
1437_0253_0086_0095_0095.jpg 1 253 86 95 95
1438_0141_0097_0176_0176.jpg 1 141 97 176 176
1439_0407_0068_0134_0134.jpg 1 407 68 134 134
1440_0307_0095_0186_0186.jpg 1 307 95 186 186
1441_0197_0118_0280_0280.jpg 1 197 118 280 280
1442_0186_0108_0250_0250.jpg 1 186 108 250 250
1443_0543_0053_0030_0030.jpg 1 543 53 30 30
1444_0222_0111_0033_0033.jpg 1 222 111 33 33
1445_0237_0099_0280_0280.jpg 1 237 99 280 280
1446_0395_0230_0107_0107.jpg 1 395 230 107 107
1447_0047_0159_0219_0219.jpg 1 47 159 219 219
1448_0178_0160_0186_0186.jpg 1 178 160 186 186
1449_0267_0191_0185_0185.jpg 1 267 191 185 185
1450_0264_0050_0054_0054.jpg 1 264 50 54 54
1451_0209_0095_0176_0176.jpg 1 209 95 176 176
1452_0470_0219_0070_0070.jpg 1 470 219 70 70
1453_0165_0154_0176_0176.jpg 1 165 154 176 176
1454_0278_0054_0093_0093.jpg 1 278 54 93 93
1455_0293_0114_0281_0281.jpg 1 293 114 281 281
1456_0455_0250_0124_0124.jpg 1 455 250 124 124
1457_0085_0042_0159_0159.jpg 1 85 42 159 159
1458_0103_0274_0046_0046.jpg 1 103 274 46 46
1459_0244_0317_0045_0045.jpg 1 244 317 45 45
1460_0324_0172_0177_0177.jpg 1 324 172 177 177
1461_0310_0107_0181_0181.jpg 1 310 107 181 181
1462_0408_0135_0084_0084.jpg 1 408 135 84 84
1463_0077_0330_0272_0272.jpg 1 77 330 272 272
1464_0030_0082_0157_0157.jpg 1 30 82 157 157
1465_0037_0199_0266_0266.jpg 1 37 199 266 266
1466_0177_0055_0244_0244.jpg 1 177 55 244 244
1467_0090_0224_0158_0158.jpg 1 90 224 158 158
1468_0299_0037_0185_0185.jpg 1 299 37 185 185
1469_0195_0076_0067_0067.jpg 1 195 76 67 67
1470_0381_0206_0116_0116.jpg 1 381 206 116 116
1471_0108_0115_0210_0210.jpg 1 108 115 210 210
1472_0248_0169_0169_0169.jpg 1 248 169 169 169
1473_0258_0132_0241_0241.jpg 1 258 132 241 241
1474_0278_0519_0051_0051.jpg 1 278 519 51 51
1475_0131_0366_0092_0092.jpg 1 131 366 92 92
1476_0408_0272_0059_0059.jpg 1 408 272 59 59
1477_0066_0150_0202_0202.jpg 1 66 150 202 202
1478_0208_0033_0119_0119.jpg 1 208 33 119 119
1479_0413_0278_0081_0081.jpg 1 413 278 81 81
1480_0444_0173_0077_0077.jpg 1 444 173 77 77
1481_0287_0118_0183_0183.jpg 1 287 118 183 183
1482_0498_0102_0079_0079.jpg 1 498 102 79 79
1483_0368_0119_0172_0172.jpg 1 368 119 172 172
1484_0104_0440_0145_0145.jpg 1 104 440 145 145
1485_0443_0091_0067_0067.jpg 1 443 91 67 67
1486_0174_0146_0183_0183.jpg 1 174 146 183 183
1487_0278_0112_0038_0038.jpg 1 278 112 38 38
1488_0264_0074_0029_0029.jpg 1 264 74 29 29
1489_0077_0217_0186_0186.jpg 1 77 217 186 186
1490_0149_0070_0293_0293.jpg 1 149 70 293 293
1491_0148_0209_0184_0184.jpg 1 148 209 184 184
1492_0258_0086_0230_0230.jpg 1 258 86 230 230
1493_0120_0082_0097_0097.jpg 1 120 82 97 97
1494_0313_0129_0161_0161.jpg 1 313 129 161 161
1495_0456_0160_0097_0097.jpg 1 456 160 97 97
1496_0248_0054_0229_0229.jpg 1 248 54 229 229
1497_0199_0089_0278_0278.jpg 1 199 89 278 278
1498_0190_0079_0263_0263.jpg 1 190 79 263 263
1499_0083_0185_0045_0045.jpg 1 83 185 45 45
1500_0140_0080_0129_0129.jpg 1 140 80 129 129
1501_0239_0072_0267_0267.jpg 1 239 72 267 267
1502_0309_0117_0280_0280.jpg 1 309 117 280 280
1503_0317_0061_0130_0130.jpg 1 317 61 130 130
1504_0063_0134_0109_0109.jpg 1 63 134 109 109
1505_0344_0036_0119_0119.jpg 1 344 36 119 119
1506_0114_0148_0119_0119.jpg 1 114 148 119 119
1507_0239_0154_0228_0228.jpg 1 239 154 228 228
1508_0192_0187_0181_0181.jpg 1 192 187 181 181
1509_0223_0175_0079_0079.jpg 1 223 175 79 79
1510_0275_0135_0262_0262.jpg 1 275 135 262 262
1511_0186_0105_0179_0179.jpg 1 186 105 179 179
1512_0199_0163_0138_0138.jpg 1 199 163 138 138
1513_0444_0081_0109_0109.jpg 1 444 81 109 109
1514_0184_0347_0051_0051.jpg 1 184 347 51 51
1515_0233_0243_0033_0033.jpg 1 233 243 33 33
1516_0102_0156_0300_0300.jpg 1 102 156 300 300
1517_0097_0114_0267_0267.jpg 1 97 114 267 267
1518_0199_0084_0309_0309.jpg 1 199 84 309 309
1519_0156_0096_0275_0275.jpg 1 156 96 275 275
1520_0042_0034_0275_0275.jpg 1 42 34 275 275
1521_0084_0206_0058_0058.jpg 1 84 206 58 58
1522_0210_0197_0247_0247.jpg 1 210 197 247 247
1523_0111_0027_0304_0304.jpg 1 111 27 304 304
1524_0201_0288_0101_0101.jpg 1 201 288 101 101
1525_0181_0067_0265_0265.jpg 1 181 67 265 265
1526_0230_0053_0142_0142.jpg 1 230 53 142 142
1527_0258_0245_0125_0125.jpg 1 258 245 125 125
1528_0211_0166_0046_0046.jpg 1 211 166 46 46
1529_0383_0224_0071_0071.jpg 1 383 224 71 71
1530_0175_0085_0089_0089.jpg 1 175 85 89 89
1531_0075_0059_0265_0265.jpg 1 75 59 265 265
1532_0299_0073_0218_0218.jpg 1 299 73 218 218
1533_0420_0040_0107_0107.jpg 1 420 40 107 107
1534_0199_0125_0324_0324.jpg 1 199 125 324 324
1535_0234_0180_0047_0047.jpg 1 234 180 47 47
1536_0137_0125_0081_0081.jpg 1 137 125 81 81
1537_0077_0038_0139_0139.jpg 1 77 38 139 139
1538_0116_0090_0300_0300.jpg 1 116 90 300 300
1539_0104_0184_0209_0209.jpg 1 104 184 209 209
1540_0148_0086_0119_0119.jpg 1 148 86 119 119
1541_0332_0183_0253_0253.jpg 1 332 183 253 253
1542_0128_0340_0049_0049.jpg 1 128 340 49 49
1543_0390_0295_0131_0131.jpg 1 390 295 131 131
1544_0317_0050_0198_0198.jpg 1 317 50 198 198
1545_0119_0046_0255_0255.jpg 1 119 46 255 255
1546_0130_0087_0043_0043.jpg 1 130 87 43 43
1547_0220_0113_0334_0334.jpg 1 220 113 334 334
1548_0137_0042_0285_0285.jpg 1 137 42 285 285
1549_0213_0050_0221_0221.jpg 1 213 50 221 221
1550_0151_0056_0281_0281.jpg 1 151 56 281 281
1551_0256_0241_0182_0182.jpg 1 256 241 182 182
1552_0124_0031_0275_0275.jpg 1 124 31 275 275
1553_0153_0111_0321_0321.jpg 1 153 111 321 321
1554_0127_0224_0118_0118.jpg 1 127 224 118 118
1555_0160_0061_0218_0218.jpg 1 160 61 218 218
1556_0050_0253_0195_0195.jpg 1 50 253 195 195
1557_0222_0196_0063_0063.jpg 1 222 196 63 63
1558_0347_0171_0186_0186.jpg 1 347 171 186 186
1559_0170_0111_0306_0306.jpg 1 170 111 306 306
1560_0518_0239_0048_0048.jpg 1 518 239 48 48
1561_0315_0117_0073_0073.jpg 1 315 117 73 73
1562_0465_0099_0120_0120.jpg 1 465 99 120 120
1563_0092_0139_0201_0201.jpg 1 92 139 201 201
1564_0293_0096_0250_0250.jpg 1 293 96 250 250
1565_0247_0124_0306_0306.jpg 1 247 124 306 306
1566_0068_0128_0315_0315.jpg 1 68 128 315 315
1567_0278_0110_0280_0280.jpg 1 278 110 280 280
1568_0075_0383_0042_0042.jpg 1 75 383 42 42
1569_0142_0110_0302_0302.jpg 1 142 110 302 302
1570_0374_0048_0160_0160.jpg 1 374 48 160 160
1571_0165_0140_0309_0309.jpg 1 165 140 309 309
1572_0341_0056_0151_0151.jpg 1 341 56 151 151
1573_0402_0255_0076_0076.jpg 1 402 255 76 76
1574_0460_0193_0056_0056.jpg 1 460 193 56 56
1575_0257_0185_0220_0220.jpg 1 257 185 220 220
1576_0385_0044_0199_0199.jpg 1 385 44 199 199
1577_0394_0368_0057_0057.jpg 1 394 368 57 57
1578_0115_0138_0282_0282.jpg 1 115 138 282 282
1579_0382_0245_0159_0159.jpg 1 382 245 159 159
1580_0308_0110_0273_0273.jpg 1 308 110 273 273
1581_0209_0091_0246_0246.jpg 1 209 91 246 246
1582_0040_0118_0266_0266.jpg 1 40 118 266 266
1583_0134_0271_0028_0028.jpg 1 134 271 28 28
1584_0279_0055_0260_0260.jpg 1 279 55 260 260
1585_0355_0159_0119_0119.jpg 1 355 159 119 119
1586_0413_0050_0075_0075.jpg 1 413 50 75 75
1587_0176_0150_0145_0145.jpg 1 176 150 145 145
1588_0235_0145_0124_0124.jpg 1 235 145 124 124
1589_0099_0239_0065_0065.jpg 1 99 239 65 65
1590_0365_0206_0177_0177.jpg 1 365 206 177 177
1591_0312_0307_0136_0136.jpg 1 312 307 136 136
1592_0304_0345_0037_0037.jpg 1 304 345 37 37
1593_0104_0032_0281_0281.jpg 1 104 32 281 281
1594_0394_0155_0048_0048.jpg 1 394 155 48 48
1595_0343_0265_0171_0171.jpg 1 343 265 171 171
1596_0222_0162_0108_0108.jpg 1 222 162 108 108
1597_0094_0257_0080_0080.jpg 1 94 257 80 80
1598_0414_0063_0108_0108.jpg 1 414 63 108 108
1599_0480_0241_0099_0099.jpg 1 480 241 99 99
1600_0275_0051_0181_0181.jpg 1 275 51 181 181
1601_0257_0147_0102_0102.jpg 1 257 147 102 102
1602_0125_0315_0065_0065.jpg 1 125 315 65 65
1603_0279_0049_0290_0290.jpg 1 279 49 290 290
1604_0511_0124_0060_0060.jpg 1 511 124 60 60
1605_0262_0252_0089_0089.jpg 1 262 252 89 89
1606_0184_0062_0322_0322.jpg 1 184 62 322 322
1607_0393_0398_0036_0036.jpg 1 393 398 36 36
1608_0494_0203_0034_0034.jpg 1 494 203 34 34
1609_0156_0132_0314_0314.jpg 1 156 132 314 314
1610_0081_0084_0176_0176.jpg 1 81 84 176 176
1611_0165_0112_0141_0141.jpg 1 165 112 141 141
1612_0330_0169_0156_0156.jpg 1 330 169 156 156
1613_0247_0147_0270_0270.jpg 1 247 147 270 270
1614_0091_0168_0069_0069.jpg 1 91 168 69 69
1615_0279_0137_0241_0241.jpg 1 279 137 241 241
1616_0094_0217_0042_0042.jpg 1 94 217 42 42
1617_0096_0071_0221_0221.jpg 1 96 71 221 221
1618_0342_0063_0067_0067.jpg 1 342 63 67 67
1619_0301_0072_0292_0292.jpg 1 301 72 292 292
